2.763393810143456530e+00 -4.491116604676315682e-01
-2.763393810143456530e+00 4.491116604676315682e-01
2.263373529554620678e+00 1.417770369291079524e-01
-2.263373529554620678e+00 -1.417770369291079524e-01
1.848761588101501374e+00 3.283266971589097749e-01
-1.848761588101501374e+00 -3.283266971589097749e-01
1.934645784238611110e+00 3.049327812387532810e-01
-1.934645784238611110e+00 -3.049327812387532810e-01
2.364686198541408491e+00 7.293658164051554094e-01
-2.364686198541408491e+00 -7.293658164051554094e-01
-2.389950626895048558e+00 -8.211409754899071656e-01
2.389950626895048558e+00 8.211409754899071656e-01
2.325055179803196204e+00 -4.794319581026658672e-01
-2.325055179803196204e+00 4.794319581026658672e-01
2.421351982696645422e+00 3.319452797916963571e-01
-2.421351982696645422e+00 -3.319452797916963571e-01
1.977277489600089755e+00 6.696868843011339889e-01
-1.977277489600089755e+00 -6.696868843011339889e-01
2.106682561318258706e+00 6.502100932368481967e-01
-2.106682561318258706e+00 -6.502100932368481967e-01
2.715463399535982258e+00 5.851542914550008634e-01
-2.715463399535982258e+00 -5.851542914550008634e-01
-2.747364825310746106e+00 -6.422322913555760238e-01
2.747364825310746106e+00 6.422322913555760238e-01
2.042848592556364196e+00 -2.647591396795096960e-02
-2.042848592556364196e+00 2.647591396795096960e-02
2.648731680501166696e+00 2.192027613636472194e-01
-2.648731680501166696e+00 -2.192027613636472194e-01
2.215221213069408446e+00 8.494642369464647791e-01
-2.215221213069408446e+00 -8.494642369464647791e-01
2.433829601103997042e+00 7.774680400049029938e-01
-2.433829601103997042e+00 -7.774680400049029938e-01
2.921997756505314126e+00 8.806778216541482143e-04
-2.921997756505314126e+00 -8.806778216541482143e-04
-2.964920390527734373e+00 -4.529294281007557182e-03
2.964920390527734373e+00 4.529294281007557182e-03
2.074891328730472218e+00 4.058382920659549531e-01
-2.074891328730472218e+00 -4.058382920659549531e-01
2.704446509954752997e+00 -1.477518559765443606e-01
-2.704446509954752997e+00 1.477518559765443606e-01
2.535107528324846538e+00 8.554219802446647591e-01
-2.535107528324846538e+00 -8.554219802446647591e-01
2.792418509940657323e+00 5.400656653835278487e-01
-2.792418509940657323e+00 -5.400656653835278487e-01
2.690259370071041989e+00 -5.883753281654058309e-01
-2.690259370071041989e+00 5.883753281654058309e-01
-2.705647687852349215e+00 6.460252246140890664e-01
2.705647687852349215e+00 -6.460252246140890664e-01
2.328057162967582805e+00 6.317395958968173852e-01
-2.328057162967582805e+00 -6.317395958968173852e-01
2.488262744702011808e+00 -3.122369987563390348e-01
-2.488262744702011808e+00 3.122369987563390348e-01
2.870233337178985877e+00 5.150470599366946400e-01
-2.870233337178985877e+00 -5.150470599366946400e-01
2.944740804914007803e+00 -1.608684929319809387e-01
-2.944740804914007803e+00 1.608684929319809387e-01
2.204647528520545574e+00 -4.366341615353396266e-01
-2.204647528520545574e+00 4.366341615353396266e-01
-2.173218514352363240e+00 4.711059974616358947e-01
2.173218514352363240e+00 -4.711059974616358947e-01
2.670426801758139401e+00 5.423818505003613621e-01
-2.670426801758139401e+00 -5.423818505003613621e-01
2.277339861483020922e+00 -7.826254319629355471e-02
-2.277339861483020922e+00 7.826254319629355471e-02
2.969447973125592721e+00 -2.390938143759728796e-01
-2.969447973125592721e+00 2.390938143759728796e-01
2.582550878558156793e+00 -6.593188672781818971e-01
-2.582550878558156793e+00 6.593188672781818971e-01
1.958868219931919841e+00 6.276216318987662413e-02
-1.958868219931919841e+00 -6.276216318987662413e-02
-1.907048344594676426e+00 -5.576086964679067420e-02
1.907048344594676426e+00 5.576086964679067420e-02
2.882395628109463814e+00 6.302006935363439234e-03
-2.882395628109463814e+00 -6.302006935363439234e-03
2.292560262169209828e+00 2.283955504720853458e-01
-2.292560262169209828e+00 -2.283955504720853458e-01
2.571365590148162905e+00 -7.170326198955931929e-01
-2.571365590148162905e+00 7.170326198955931929e-01
2.091905342428073133e+00 -3.307226907347869393e-01
-2.091905342428073133e+00 3.307226907347869393e-01
2.021919615135232995e+00 4.806235825819329399e-01
-2.021919615135232995e+00 -4.806235825819329399e-01
-1.949652391564448584e+00 -4.946363178748621747e-01
1.949652391564448584e+00 4.946363178748621747e-01
2.670384146607391429e+00 -5.317850654354325801e-01
-2.670384146607391429e+00 5.317850654354325801e-01
2.499041776205785492e+00 3.353527293314407798e-01
-2.499041776205785492e+00 -3.353527293314407798e-01
2.055971872534654299e+00 -3.719135995747094858e-01
-2.055971872534654299e+00 3.719135995747094858e-01
1.926095410227476767e+00 2.034213354293522014e-01
-1.926095410227476767e+00 -2.034213354293522014e-01
2.274445383618687089e+00 7.148622325436063685e-01
-2.274445383618687089e+00 -7.148622325436063685e-01
-2.173962393596684084e+00 -7.534557136003294797e-01
2.173962393596684084e+00 7.534557136003294797e-01
2.224951950599070472e+00 -3.874303200833343896e-01
-2.224951950599070472e+00 3.874303200833343896e-01
1.852891950550946465e+00 1.542906051150459423e-01
-1.852891950550946465e+00 -1.542906051150459423e-01
2.697843142567271979e+00 1.124252728293305970e-01
-2.697843142567271979e+00 -1.124252728293305970e-01
2.054012235073215287e+00 5.918947635293531073e-01
-2.054012235073215287e+00 -5.918947635293531073e-01
2.620012539302670529e+00 6.721041585436925425e-01
-2.620012539302670529e+00 -6.721041585436925425e-01
-2.507768266612633745e+00 -8.018529676512364812e-01
2.507768266612633745e+00 8.018529676512364812e-01
2.019436884093319229e+00 8.574533908504684832e-02
-2.019436884093319229e+00 -8.574533908504684832e-02
1.917271251788705833e+00 5.543828085095140468e-01
-1.917271251788705833e+00 -5.543828085095140468e-01
2.657250386836466749e+00 -2.488043928346380940e-01
-2.657250386836466749e+00 2.488043928346380940e-01
2.348979703630461380e+00 7.726924235016234821e-01
-2.348979703630461380e+00 -7.726924235016234821e-01
2.900493074306296215e+00 2.060534636178520396e-01
-2.900493074306296215e+00 -2.060534636178520396e-01
-2.851342283068782901e+00 -4.788950936006915460e-01
2.851342283068782901e+00 4.788950936006915460e-01
2.117019129306213276e+00 4.849205627264581153e-01
-2.117019129306213276e+00 -4.849205627264581153e-01
2.122604647652484910e+00 7.965280546091220160e-01
-2.122604647652484910e+00 -7.965280546091220160e-01
2.404850182492360045e+00 -2.680819152780802850e-01
-2.404850182492360045e+00 2.680819152780802850e-01
2.718478499178481833e+00 6.330790359063048767e-01
-2.718478499178481833e+00 -6.330790359063048767e-01
2.806786035281673364e+00 -4.830460357654637882e-01
-2.806786035281673364e+00 4.830460357654637882e-01
-2.941429972262490811e+00 2.609295555461642047e-01
2.941429972262490811e+00 -2.609295555461642047e-01
2.410767697367436568e+00 6.525196327175341038e-01
-2.410767697367436568e+00 -6.525196327175341038e-01
2.422103290042331825e+00 8.781746781151428261e-01
-2.422103290042331825e+00 -8.781746781151428261e-01
2.256471788361873898e+00 3.080735798595364908e-02
-2.256471788361873898e+00 -3.080735798595364908e-02
2.950077162653932383e+00 1.697954509126597955e-02
-2.950077162653932383e+00 -1.697954509126597955e-02
2.328924376325380408e+00 -5.443645431669409396e-01
-2.328924376325380408e+00 5.443645431669409396e-01
-2.535352524744955982e+00 6.786047138413131563e-01
2.535352524744955982e+00 -6.786047138413131563e-01
2.751808249042157151e+00 4.519786334722319388e-01
-2.751808249042157151e+00 -4.519786334722319388e-01
2.764146917761225009e+00 6.767940703262211866e-01
-2.764146917761225009e+00 -6.767940703262211866e-01
2.348186390594958262e+00 2.941544653217803562e-01
-2.348186390594958262e+00 -2.941544653217803562e-01
2.697989364582255689e+00 -6.270980677262264491e-01
-2.697989364582255689e+00 6.270980677262264491e-01
1.995098714908693616e+00 -8.230034642848159387e-02
-1.995098714908693616e+00 8.230034642848159387e-02
-2.053842940204038570e+00 3.128678733275008783e-01
2.053842940204038570e+00 -3.128678733275008783e-01
2.880496346416862252e+00 -1.547894498475868574e-01
-2.880496346416862252e+00 1.547894498475868574e-01
2.985599118664753249e+00 4.033795506763983990e-02
-2.985599118664753249e+00 -4.033795506763983990e-02
2.576065487803977483e+00 2.986654732731339745e-01
-2.576065487803977483e+00 -2.986654732731339745e-01
2.179253451497090044e+00 -4.458912294340825477e-01
-2.179253451497090044e+00 4.458912294340825477e-01
1.982010318906407997e+00 3.778171798892782651e-01
-1.982010318906407997e+00 -3.778171798892782651e-01
-1.893827697503585261e+00 -2.139800648355313084e-01
1.893827697503585261e+00 2.139800648355313084e-01
2.565002801527884291e+00 -5.677930413961914669e-01
-2.565002801527884291e+00 5.677930413961914669e-01
2.751793519658979559e+00 -6.541564162187856191e-01
-2.751793519658979559e+00 6.541564162187856191e-01
2.718322969323188509e+00 -1.399490345980376402e-02
-2.718322969323188509e+00 1.399490345980376402e-02
1.932040297935645246e+00 9.268827987107063071e-02
-1.932040297935645246e+00 -9.268827987107063071e-02
2.192868950994449673e+00 6.669589672190804341e-01
-2.192868950994449673e+00 -6.669589672190804341e-01
-2.003081140503083724e+00 -5.903674348356432455e-01
2.003081140503083724e+00 5.903674348356432455e-01
2.144400319850245928e+00 -2.779607035304059726e-01
-2.144400319850245928e+00 2.779607035304059726e-01
2.202954092602616765e+00 -5.435554810990297359e-01
-2.202954092602616765e+00 5.435554810990297359e-01
2.584178777689930762e+00 -3.058602345352129381e-01
-2.584178777689930762e+00 3.058602345352129381e-01
2.008389671807355725e+00 5.233674467864655178e-01
-2.008389671807355725e+00 -5.233674467864655178e-01
2.519074455083289088e+00 7.160564226045653680e-01
-2.519074455083289088e+00 -7.160564226045653680e-01
-2.272066214551204055e+00 -7.995484058138333516e-01
2.272066214551204055e+00 7.995484058138333516e-01
2.019136979559990941e+00 2.037142249233073465e-01
-2.019136979559990941e+00 -2.037142249233073465e-01
1.880344179544492400e+00 -1.922368598725201702e-02
-1.880344179544492400e+00 1.922368598725201702e-02
2.331170882216567986e+00 -1.880647545893172068e-01
-2.331170882216567986e+00 1.880647545893172068e-01
2.275665924737753976e+00 7.553043621606370106e-01
-2.275665924737753976e+00 -7.553043621606370106e-01
2.839858085973264945e+00 3.842228395698988330e-01
-2.839858085973264945e+00 -3.842228395698988330e-01
-2.619500897302226683e+00 -7.514703151068684583e-01
2.619500897302226683e+00 7.514703151068684583e-01
2.178166376053399134e+00 5.526160280857850271e-01
-2.178166376053399134e+00 -5.526160280857850271e-01
1.867168518793722809e+00 4.311610783974377248e-01
-1.867168518793722809e+00 -4.311610783974377248e-01
2.260519216241993590e+00 1.341277437434983122e-01
-2.260519216241993590e+00 -1.341277437434983122e-01
2.639086707209084892e+00 7.012350439007466463e-01
-2.639086707209084892e+00 -7.012350439007466463e-01
2.881083946611837643e+00 -3.134432215280526512e-01
-2.881083946611837643e+00 3.134432215280526512e-01
-2.926631010617688933e+00 -2.777998554358726002e-01
2.926631010617688933e+00 2.777998554358726002e-01
2.494351370948777014e+00 6.419212465573698179e-01
-2.494351370948777014e+00 -6.419212465573698179e-01
2.028590122103150595e+00 7.284759911646331298e-01
-2.028590122103150595e+00 -7.284759911646331298e-01
2.413948256121386748e+00 3.319689328077485846e-01
-2.413948256121386748e+00 -3.319689328077485846e-01
2.929550179293741952e+00 1.898968089910560431e-01
-2.929550179293741952e+00 -1.898968089910560431e-01
2.474973528543142010e+00 -6.092243824933182283e-01
-2.474973528543142010e+00 6.092243824933182283e-01
-2.862726881405271762e+00 4.866655419993882181e-01
2.862726881405271762e+00 -4.866655419993882181e-01
2.811711017751608921e+00 3.283917732714407012e-01
-2.811711017751608921e+00 -3.283917732714407012e-01
2.298697027333308274e+00 8.713004323296988929e-01
-2.298697027333308274e+00 -8.713004323296988929e-01
2.642477247148232955e+00 2.288172242354824804e-01
-2.642477247148232955e+00 -2.288172242354824804e-01
2.798544258193513823e+00 -5.470242970847903896e-01
-2.798544258193513823e+00 5.470242970847903896e-01
2.062934006586609303e+00 -2.318706867060235932e-01
-2.062934006586609303e+00 2.318706867060235932e-01
-2.355433886723260706e+00 6.221809510760618611e-01
2.355433886723260706e+00 -6.221809510760618611e-01
2.835269393433805796e+00 -3.185544934311291820e-01
-2.835269393433805796e+00 3.185544934311291820e-01
2.635077847669875073e+00 8.036493582937115354e-01
-2.635077847669875073e+00 -8.036493582937115354e-01
2.707209652617787565e+00 -1.361784681431558175e-01
-2.707209652617787565e+00 1.361784681431558175e-01
2.278226360426791164e+00 -5.417432901176162385e-01
-2.278226360426791164e+00 5.417432901176162385e-01
1.960792550521835320e+00 2.588238414680105182e-01
-1.960792550521835320e+00 -2.588238414680105182e-01
-1.959945593288006105e+00 1.322696456297659806e-01
1.959945593288006105e+00 -1.322696456297659806e-01
2.439324431958746153e+00 -5.416042529157254481e-01
-2.439324431958746153e+00 5.416042529157254481e-01
2.936210951599758978e+00 3.361750328670475296e-01
-2.936210951599758978e+00 -3.361750328670475296e-01
2.500779840864709946e+00 -3.129087824266686413e-01
-2.500779840864709946e+00 3.129087824266686413e-01
1.954446939198328792e+00 -2.498871913524268115e-02
-1.954446939198328792e+00 2.498871913524268115e-02
2.117048371722467071e+00 5.989290106242280975e-01
-2.117048371722467071e+00 -5.989290106242280975e-01
-1.903840097529259978e+00 -3.551963207521792176e-01
1.903840097529259978e+00 3.551963207521792176e-01
2.082341709663528384e+00 -1.555358840122439412e-01
-2.082341709663528384e+00 1.555358840122439412e-01
2.906390943084315559e+00 -4.484778711572043330e-01
-2.906390943084315559e+00 4.484778711572043330e-01
2.283181525020698821e+00 -8.970561935358822847e-02
-2.283181525020698821e+00 8.970561935358822847e-02
2.420541463001660176e+00 7.317857722941759624e-01
-2.420541463001660176e+00 -7.317857722941759624e-01
1.971287837784128749e+00 4.454052416435011486e-01
-1.971287837784128749e+00 -4.454052416435011486e-01
-2.077202411462956366e+00 -6.854469034476462497e-01
2.077202411462956366e+00 6.854469034476462497e-01
2.037877968650090299e+00 3.043836285464914804e-01
-2.037877968650090299e+00 -3.043836285464914804e-01
2.408060170806566980e+00 -6.831775132804730477e-01
-2.408060170806566980e+00 6.831775132804730477e-01
2.290993313553171262e+00 2.197696169145678946e-01
-2.290993313553171262e+00 -2.197696169145678946e-01
2.766106683814604672e+00 5.175053108719892547e-01
-2.766106683814604672e+00 -5.175053108719892547e-01
2.207405306880806162e+00 7.246826431129745894e-01
-2.207405306880806162e+00 -7.246826431129745894e-01
-2.381929840412045252e+00 -8.204551334139907892e-01
2.381929840412045252e+00 8.204551334139907892e-01
2.249740725853447199e+00 6.059346529158200489e-01
-2.249740725853447199e+00 -6.059346529158200489e-01
1.964751470326538518e+00 -2.206701117764558184e-01
-1.964751470326538518e+00 2.206701117764558184e-01
2.489006421110459666e+00 3.344713297976095179e-01
-2.489006421110459666e+00 -3.344713297976095179e-01
2.919315028935954626e+00 -1.200820314915828635e-01
-2.919315028935954626e+00 1.200820314915828635e-01
2.558019310036001137e+00 7.458886071970091125e-01
-2.558019310036001137e+00 -7.458886071970091125e-01
-2.736947935392869180e+00 -6.526597546692467500e-01
2.736947935392869180e+00 6.526597546692467500e-01
2.583599369003876767e+00 6.060667811461583065e-01
-2.583599369003876767e+00 -6.060667811461583065e-01
1.847763005895354249e+00 2.798695440423717429e-01
-1.847763005895354249e+00 -2.798695440423717429e-01
2.691655063624700084e+00 1.253685582147260336e-01
-2.691655063624700084e+00 -1.253685582147260336e-01
2.611906191035285207e+00 -6.151792361800554332e-01
-2.611906191035285207e+00 6.151792361800554332e-01
2.887719318643410027e+00 3.450661966122014479e-01
-2.887719318643410027e+00 -3.450661966122014479e-01
-2.963424932061502037e+00 -3.121892271299861812e-02
2.963424932061502037e+00 3.121892271299861812e-02
2.859282465575948784e+00 1.924890399367004401e-01
-2.859282465575948784e+00 -1.924890399367004401e-01
1.958603481281826708e+00 6.350104981318678288e-01
-1.958603481281826708e+00 -6.350104981318678288e-01
2.661315459687803475e+00 -2.403482977595347292e-01
-2.661315459687803475e+00 2.403482977595347292e-01
2.138506031094471904e+00 -3.665614947797048440e-01
-2.138506031094471904e+00 3.665614947797048440e-01
2.876323572811204876e+00 -4.233975506079440398e-01
-2.876323572811204876e+00 4.233975506079440398e-01
-2.722392304510800720e+00 6.355265395015678997e-01
2.722392304510800720e+00 -6.355265395015678997e-01
2.776312128950230829e+00 -4.413853442336251875e-01
-2.776312128950230829e+00 4.413853442336251875e-01
2.194302664364854660e+00 8.397365891841596097e-01
-2.194302664364854660e+00 -8.397365891841596097e-01
2.412819466547842406e+00 -2.717368737616981944e-01
-2.412819466547842406e+00 2.717368737616981944e-01
1.949067800129004047e+00 1.364475768497502572e-01
-1.949067800129004047e+00 -1.364475768497502572e-01
2.392664050496895900e+00 -6.157006955825566896e-01
-2.392664050496895900e+00 6.157006955825566896e-01
-2.195674948116186798e+00 4.934889448872111783e-01
2.195674948116186798e+00 -4.934889448872111783e-01
2.338681515911512854e+00 -4.857169416833083675e-01
-2.338681515911512854e+00 4.857169416833083675e-01
2.504974405979390362e+00 8.597280694563567138e-01
-2.504974405979390362e+00 -8.597280694563567138e-01
2.258396969895805739e+00 1.675183957526455575e-02
-2.258396969895805739e+00 -1.675183957526455575e-02
2.046258657066474473e+00 5.301817741961544206e-01
-2.046258657066474473e+00 -5.301817741961544206e-01
1.992618370548738804e+00 -1.399450714811344976e-01
-1.992618370548738804e+00 1.399450714811344976e-01
-1.912952784115752980e+00 -3.803937141622753398e-02
1.912952784115752980e+00 3.803937141622753398e-02
2.043921499433592359e+00 -4.087741152849145437e-02
-2.043921499433592359e+00 4.087741152849145437e-02
2.843223957612732722e+00 5.617081343764673829e-01
-2.843223957612732722e+00 -5.617081343764673829e-01
2.342696927483298275e+00 2.878753856306167647e-01
-2.342696927483298275e+00 -2.878753856306167647e-01
2.320795856404611612e+00 7.304951212303212316e-01
-2.320795856404611612e+00 -7.304951212303212316e-01
1.943979157784894829e+00 3.585933270635112136e-01
-1.943979157784894829e+00 -3.585933270635112136e-01
