1.000000000000000021e-02 9.998221286129478358e-01
2.000000000000000042e-02 9.992891134431591826e-01
2.999999999999999889e-02 9.984032915999314639e-01
4.000000000000000083e-02 9.971688974851009579e-01
5.000000000000000278e-02 9.955920224456912271e-01
6.000000000000000472e-02 9.936805578220202495e-01
7.000000000000000666e-02 9.914441222028853584e-01
8.000000000000000167e-02 9.888939739202525780e-01
8.999999999999999667e-02 9.860429100159585625e-01
9.999999999999999167e-02 9.829051530885358767e-01
1.099999999999999867e-01 9.794962275762614246e-01
1.199999999999999817e-01 9.758328271504869145e-01
1.299999999999999767e-01 9.719326749796500797e-01
1.399999999999999856e-01 9.678143786782019697e-01
1.499999999999999944e-01 9.634972817759962505e-01
1.600000000000000033e-01 9.590013135331860727e-01
1.700000000000000122e-01 9.543468388847559103e-01
1.800000000000000211e-01 9.495545102295862572e-01
1.900000000000000300e-01 9.446451226839943649e-01
2.000000000000000389e-01 9.396394743021219131e-01
2.100000000000000477e-01 9.345582326287648067e-01
2.200000000000000566e-01 9.294218087979710941e-01
2.300000000000000655e-01 9.242502402267351869e-01
2.400000000000000744e-01 9.190630827812868997e-01
2.500000000000000555e-01 9.138793131175164675e-01
2.600000000000000644e-01 9.087172417206363928e-01
2.700000000000000733e-01 9.035944369955929423e-01
2.800000000000000822e-01 8.985276605920334836e-01
2.900000000000000910e-01 8.935328139885438947e-01
3.000000000000000999e-01 8.886248962126093165e-01
3.100000000000001088e-01 8.838179724372642321e-01
3.200000000000001177e-01 8.791251530740534781e-01
3.300000000000001266e-01 8.745585828758033475e-01
3.400000000000001354e-01 8.701294394723472214e-01
3.500000000000001443e-01 8.658479406880497109e-01
3.600000000000001532e-01 8.617233599315332615e-01
3.700000000000001621e-01 8.577640489050681882e-01
3.800000000000001710e-01 8.539774668528613555e-01
3.900000000000001799e-01 8.503702155530857842e-01
4.000000000000001887e-01 8.469480792568173655e-01
4.100000000000001976e-01 8.437160687868207054e-01
4.200000000000002065e-01 8.406784690290403095e-01
4.300000000000002154e-01 8.378388890783157184e-01
4.400000000000002243e-01 8.352003143358592840e-01
4.500000000000002331e-01 8.327651598979979308e-01
4.600000000000002420e-01 8.305353246223157182e-01
4.700000000000002509e-01 8.285122453073034965e-01
4.800000000000002598e-01 8.266969504737995411e-01
4.900000000000002687e-01 8.250901132897843215e-01
5.000000000000002220e-01 8.236921032335089432e-01
5.100000000000002309e-01 8.225030361426444170e-01
5.200000000000002398e-01 8.215228223483812542e-01
5.300000000000002487e-01 8.207512126425914323e-01
5.400000000000002576e-01 8.201878418727515108e-01
5.500000000000002665e-01 8.198322700029381238e-01
5.600000000000002753e-01 8.196840205195325968e-01
5.700000000000002842e-01 8.197426160971076348e-01
5.800000000000002931e-01 8.200076114731947863e-01
5.900000000000003020e-01 8.204786235101746428e-01
6.000000000000003109e-01 8.211553584484502233e-01
6.100000000000003197e-01 8.220376363773678197e-01
6.200000000000003286e-01 8.231254129692086030e-01
6.300000000000003375e-01 8.244187985370878824e-01
6.400000000000003464e-01 8.259180744899996540e-01
6.500000000000003553e-01 8.276237072676737583e-01
6.600000000000003642e-01 8.295363598446456876e-01
6.700000000000003730e-01 8.316569008971482768e-01
6.800000000000003819e-01 8.339864117283909417e-01
6.900000000000003908e-01 8.365261910476956553e-01
7.000000000000003997e-01 8.392777576970406050e-01
7.100000000000004086e-01 8.422428514150626100e-01
7.200000000000004174e-01 8.454234317236590801e-01
7.300000000000004263e-01 8.488216750162426161e-01
7.400000000000004352e-01 8.524399699196154589e-01
7.500000000000004441e-01 8.562809109935043406e-01
7.600000000000004530e-01 8.603472908232319138e-01
7.700000000000004619e-01 8.646420905519087707e-01
7.800000000000004707e-01 8.691684688890859434e-01
7.900000000000004796e-01 8.739297496231290818e-01
8.000000000000004885e-01 8.789294076547685686e-01
8.100000000000004974e-01 8.841710535594980991e-01
8.200000000000005063e-01 8.896584166767913526e-01
8.300000000000005151e-01 8.953953267146312900e-01
8.400000000000005240e-01 9.013856938486524140e-01
8.500000000000005329e-01 9.076334872864130210e-01
8.600000000000005418e-01 9.141427122589945720e-01
8.700000000000005507e-01 9.209173853943862786e-01
8.800000000000005596e-01 9.279615084200421027e-01
8.900000000000005684e-01 9.352790401356628758e-01
9.000000000000005773e-01 9.428738665917946182e-01
9.100000000000005862e-01 9.507497694053045345e-01
9.200000000000005951e-01 9.589103921393451468e-01
9.300000000000006040e-01 9.673592046731205318e-01
9.400000000000006128e-01 9.760994654857843011e-01
9.500000000000006217e-01 9.851341817792278466e-01
9.600000000000006306e-01 9.944660673665076667e-01
9.700000000000006395e-01 1.004097498256379506e+00
9.800000000000006484e-01 1.014030465869967035e+00
9.900000000000006573e-01 1.024266527833213258e+00
1.000000000000000666e+00 1.034806756298572106e+00
1.010000000000000675e+00 1.045651683761611439e+00
1.020000000000000684e+00 1.056801246352985668e+00
1.030000000000000693e+00 1.068254724603795891e+00
1.040000000000000702e+00 1.080010681702891384e+00
1.050000000000000711e+00 1.092066899288363313e+00
1.060000000000000719e+00 1.104420310842544106e+00
1.070000000000000728e+00 1.117066932790435008e+00
1.080000000000000737e+00 1.130001793435813751e+00
1.090000000000000746e+00 1.143218859907503271e+00
1.100000000000000755e+00 1.156710963330503716e+00
1.110000000000000764e+00 1.170469722483088004e+00
1.120000000000000773e+00 1.184485466251509411e+00
1.130000000000000782e+00 1.198747155248797824e+00
1.140000000000000790e+00 1.213242303023129853e+00
1.150000000000000799e+00 1.227956897344385734e+00
1.160000000000000808e+00 1.242875322124608051e+00
1.170000000000000817e+00 1.257980280598862244e+00
1.180000000000000826e+00 1.273252720467164645e+00
1.190000000000000835e+00 1.288671761775219249e+00
1.200000000000000844e+00 1.304214628391094255e+00
1.210000000000000853e+00 1.319856584016019241e+00
1.220000000000000862e+00 1.335570873749271525e+00
1.230000000000000870e+00 1.351328672308703682e+00
1.240000000000000879e+00 1.367099040088608497e+00
1.250000000000000888e+00 1.382848888314035962e+00
1.260000000000000897e+00 1.398542954623770873e+00
1.270000000000000906e+00 1.414143790481314999e+00
1.280000000000000915e+00 1.429611761872430886e+00
1.290000000000000924e+00 1.444905064797086469e+00
1.300000000000000933e+00 1.459979757100705156e+00
1.310000000000000941e+00 1.474789808212135567e+00
1.320000000000000950e+00 1.489287168361121960e+00
1.330000000000000959e+00 1.503421858833760449e+00
1.340000000000000968e+00 1.517142084787668876e+00
1.350000000000000977e+00 1.530394372086790522e+00
1.360000000000000986e+00 1.543123729526130417e+00
1.370000000000000995e+00 1.555273837696799166e+00
1.380000000000001004e+00 1.566787265589066447e+00
1.390000000000001013e+00 1.577605715843574119e+00
1.400000000000001021e+00 1.587670299336628066e+00
1.410000000000001030e+00 1.596921839523213649e+00
1.420000000000001039e+00 1.605301206660186164e+00
1.430000000000001048e+00 1.612749681691848069e+00
1.440000000000001057e+00 1.619209349201335524e+00
1.450000000000001066e+00 1.624623518415316381e+00
1.460000000000001075e+00 1.628937170798831158e+00
1.470000000000001084e+00 1.632097432295016137e+00
1.480000000000001092e+00 1.634054067755482453e+00
1.490000000000001101e+00 1.634759994576938880e+00
1.500000000000001110e+00 1.634171812015088765e+00
1.510000000000001119e+00 1.632250342096006390e+00
1.520000000000001128e+00 1.628961177497364687e+00
1.530000000000001137e+00 1.624275231237362949e+00
1.540000000000001146e+00 1.618169282499469563e+00
1.550000000000001155e+00 1.610626512448283476e+00
1.560000000000001164e+00 1.601637023468926113e+00
1.570000000000001172e+00 1.591198334902668599e+00
1.580000000000001181e+00 1.579315848068485240e+00
1.590000000000001190e+00 1.566003273167131171e+00
1.600000000000001199e+00 1.551283010573924148e+00
1.610000000000001208e+00 1.535186479050379749e+00
1.620000000000001217e+00 1.517754383553617359e+00
1.630000000000001226e+00 1.499036915604631259e+00
1.640000000000001235e+00 1.479093879598391670e+00
1.650000000000001243e+00 1.457994739004226270e+00
1.660000000000001252e+00 1.435818577114672312e+00
1.670000000000001261e+00 1.412653967852578463e+00
1.680000000000001270e+00 1.388598753133658104e+00
1.690000000000001279e+00 1.363759724395193995e+00
1.700000000000001288e+00 1.338252207127824445e+00
1.710000000000001297e+00 1.312199548569104479e+00
1.720000000000001306e+00 1.285732510114295568e+00
1.730000000000001315e+00 1.258988567447718587e+00
1.740000000000001323e+00 1.232111122870441777e+00
1.750000000000001332e+00 1.205248635768220611e+00
1.760000000000001341e+00 1.178553678597050069e+00
1.770000000000001350e+00 1.152181927131179950e+00
1.780000000000001359e+00 1.126291094988717267e+00
1.790000000000001368e+00 1.101039823592579348e+00
1.800000000000001377e+00 1.076586539710914225e+00
1.810000000000001386e+00 1.053088293525130004e+00
1.820000000000001394e+00 1.030699590772774288e+00
1.830000000000001403e+00 1.009571232888327952e+00
1.840000000000001412e+00 9.898491792040745585e-01
1.850000000000001421e+00 9.716734451673852968e-01
1.860000000000001430e+00 9.551770501778300559e-01
1.870000000000001439e+00 9.404850280509517990e-01
1.880000000000001448e+00 9.277135122850207472e-01
1.890000000000001457e+00 9.169689072578348643e-01
1.900000000000001465e+00 9.083471552334458909e-01
1.910000000000001474e+00 9.019331076390930679e-01
1.920000000000001483e+00 8.978000075103096389e-01
1.930000000000001492e+00 8.960090883301645714e-01
1.940000000000001501e+00 8.966092927422708581e-01
1.950000000000001510e+00 8.996371128332963929e-01
1.960000000000001519e+00 9.051165518963291134e-01
1.970000000000001528e+00 9.130592058379992659e-01
1.980000000000001537e+00 9.234644607144938400e-01
1.990000000000001545e+00 9.363198013066694747e-01
2.000000000000001332e+00 9.516012242012241718e-01
2.010000000000001119e+00 9.692737475580749384e-01
2.020000000000000906e+00 9.892920086339735963e-01
2.030000000000000693e+00 1.011600939214251094e+00
2.040000000000000480e+00 1.036136508388690869e+00
2.050000000000000266e+00 1.062826521598941643e+00
2.060000000000000053e+00 1.091591464583701265e+00
2.069999999999999840e+00 1.122345380749516952e+00
2.079999999999999627e+00 1.154996770590455801e+00
2.089999999999999414e+00 1.189449502056325381e+00
2.099999999999999201e+00 1.225603721210508645e+00
2.109999999999998987e+00 1.263356753106128938e+00
2.119999999999998774e+00 1.302603983522554021e+00
2.129999999999998561e+00 1.343239713021258996e+00
2.139999999999998348e+00 1.385157975678207309e+00
2.149999999999998135e+00 1.428253315806594870e+00
2.159999999999997922e+00 1.472421516976964329e+00
2.169999999999997708e+00 1.517560278650336603e+00
2.179999999999997495e+00 1.563569836744481911e+00
2.189999999999997282e+00 1.610353525436065469e+00
2.199999999999997069e+00 1.657818278446354210e+00
2.209999999999996856e+00 1.705875068951979712e+00
2.219999999999996643e+00 1.754439288093760041e+00
2.229999999999996430e+00 1.803431062816888808e+00
2.239999999999996216e+00 1.852775514458475214e+00
2.249999999999996003e+00 1.902402960099011775e+00
2.259999999999995790e+00 1.952249059210771520e+00
2.269999999999995577e+00 2.002254908567850933e+00
2.279999999999995364e+00 2.052367088731040123e+00
2.289999999999995151e+00 2.102537665688625435e+00
2.299999999999994937e+00 2.152724151425570831e+00
2.309999999999994724e+00 2.202889427313360571e+00
2.319999999999994511e+00 2.253001634266799336e+00
2.329999999999994298e+00 2.303034033608528652e+00
2.339999999999994085e+00 2.352964842523626032e+00
2.349999999999993872e+00 2.402777047882162620e+00
2.359999999999993658e+00 2.452458202063794168e+00
2.369999999999993445e+00 2.502000204241992432e+00
2.379999999999993232e+00 2.551399070382832424e+00
2.389999999999993019e+00 2.600654694990297333e+00
2.399999999999992806e+00 2.649770607392556876e+00
2.409999999999992593e+00 2.698753725116655566e+00
2.419999999999992379e+00 2.747614106647245258e+00
2.429999999999992166e+00 2.796364705612432111e+00
2.439999999999991953e+00 2.845021128190090121e+00
2.449999999999991740e+00 2.893601395284176370e+00
2.459999999999991527e+00 2.942125710785113313e+00
2.469999999999991314e+00 2.990616237003421496e+00
2.479999999999991100e+00 3.039096878152851566e+00
2.489999999999990887e+00 3.087593072559724483e+00
2.499999999999990674e+00 3.136131594089675456e+00
2.509999999999990461e+00 3.184740363112148920e+00
2.519999999999990248e+00 3.233448267166895818e+00
2.529999999999990035e+00 3.282284991355454817e+00
2.539999999999989821e+00 3.331280858353832031e+00
2.549999999999989608e+00 3.380466677829899957e+00
2.559999999999989395e+00 3.429873604949945420e+00
2.569999999999989182e+00 3.479533007572530146e+00
2.579999999999988969e+00 3.529476341653759341e+00
2.589999999999988756e+00 3.579735034325242538e+00
2.599999999999988542e+00 3.630340374053908192e+00
2.609999999999988329e+00 3.681323407250257418e+00
2.619999999999988116e+00 3.732714840658058364e+00
2.629999999999987903e+00 3.784544948833049371e+00
2.639999999999987690e+00 3.836843485999994918e+00
2.649999999999987477e+00 3.889639601566043048e+00
2.659999999999987264e+00 3.942961758562823604e+00
2.669999999999987050e+00 3.996837654289687070e+00
2.679999999999986837e+00 4.051294142435346579e+00
2.689999999999986624e+00 4.106357155964448502e+00
2.699999999999986411e+00 4.162051630068978270e+00
2.709999999999986198e+00 4.218401424501502461e+00
2.719999999999985985e+00 4.275429244627863667e+00
2.729999999999985771e+00 4.333156560560956549e+00
2.739999999999985558e+00 4.391603523764376682e+00
2.749999999999985345e+00 4.450788880545249349e+00
2.759999999999985132e+00 4.510729881889272264e+00
2.769999999999984919e+00 4.571442189128051226e+00
2.779999999999984706e+00 4.632939774969549340e+00
2.789999999999984492e+00 4.695234819466792331e+00
2.799999999999984279e+00 4.758337600548496304e+00
2.809999999999984066e+00 4.822256378788086550e+00
2.819999999999983853e+00 4.886997276145110369e+00
2.829999999999983640e+00 4.952564148475850914e+00
2.839999999999983427e+00 5.018958451678154908e+00
2.849999999999983213e+00 5.086179101409965320e+00
2.859999999999983000e+00 5.154222326401915133e+00
2.869999999999982787e+00 5.223081515472320469e+00
2.879999999999982574e+00 5.292747058448480146e+00
2.889999999999982361e+00 5.363206181301632292e+00
2.899999999999982148e+00 5.434442775915054646e+00
2.909999999999981934e+00 5.506437225025640814e+00
2.919999999999981721e+00 5.579166223009506709e+00
2.929999999999981508e+00 5.652602593321921276e+00
2.939999999999981295e+00 5.726715103551381247e+00
2.949999999999981082e+00 5.801468279206958734e+00
2.959999999999980869e+00 5.876822217527215564e+00
2.969999999999980655e+00 5.952732402777671794e+00
2.979999999999980442e+00 6.029149524691709949e+00
2.989999999999980229e+00 6.106019301906217223e+00
2.999999999999980016e+00 6.183282312447413887e+00
3.009999999999979803e+00 6.260873833532956567e+00
3.019999999999979590e+00 6.338723693172169327e+00
3.029999999999979376e+00 6.416756136265219013e+00
3.039999999999979163e+00 6.494889708122270733e+00
3.049999999999978950e+00 6.573037158542239133e+00
3.059999999999978737e+00 6.651105369804938050e+00
3.069999999999978524e+00 6.728995312136714979e+00
3.079999999999978311e+00 6.806602030403867687e+00
3.089999999999978098e+00 6.883814665966316859e+00
3.099999999999977884e+00 6.960516517780638068e+00
3.109999999999977671e+00 7.036585146971771287e+00
3.119999999999977458e+00 7.111892529190241063e+00
3.129999999999977245e+00 7.186305259130487677e+00
3.139999999999977032e+00 7.259684811598894782e+00
3.149999999999976819e+00 7.331887863480702094e+00
3.159999999999976605e+00 7.402766680855234149e+00
3.169999999999976392e+00 7.472169575341951031e+00
3.179999999999976179e+00 7.539941433517826752e+00
3.189999999999975966e+00 7.605924322922133385e+00
3.199999999999975753e+00 7.669958177751025730e+00
3.209999999999975540e+00 7.731881566834490904e+00
3.219999999999975326e+00 7.791532545876687088e+00
3.229999999999975113e+00 7.848749595222388464e+00
3.239999999999974900e+00 7.903372643583542079e+00
3.249999999999974687e+00 7.955244177218998125e+00
3.259999999999974474e+00 8.004210433006626602e+00
3.269999999999974261e+00 8.050122672682453739e+00
3.279999999999974047e+00 8.092838534250310190e+00
3.289999999999973834e+00 8.132223455194935724e+00
3.299999999999973621e+00 8.168152160671180440e+00
3.309999999999973408e+00 8.200510208305763271e+00
3.319999999999973195e+00 8.229195579651904069e+00
3.329999999999972982e+00 8.254120306701967280e+00
3.339999999999972768e+00 8.275212120212177780e+00
3.349999999999972555e+00 8.292416104954435596e+00
3.359999999999972342e+00 8.305696345413588588e+00
3.369999999999972129e+00 8.315037543928298192e+00
3.379999999999971916e+00 8.320446591866771158e+00
3.389999999999971703e+00 8.321954073173509769e+00
3.399999999999971489e+00 8.319615678560994709e+00
3.409999999999971276e+00 8.313513507791666868e+00
3.419999999999971063e+00 8.303757236942205466e+00
3.429999999999970850e+00 8.290485127303409030e+00
3.439999999999970637e+00 8.273864852683113114e+00
3.449999999999970424e+00 8.254094122379669329e+00
3.459999999999970210e+00 8.231401078009129790e+00
3.469999999999969997e+00 8.206044443722550596e+00
3.479999999999969784e+00 8.178313411156349133e+00
3.489999999999969571e+00 8.148527242723973885e+00
3.499999999999969358e+00 8.117034579578325193e+00
3.509999999999969145e+00 8.084212443736408460e+00
3.519999999999968932e+00 8.050464927434557438e+00
3.529999999999968718e+00 8.016221566736776438e+00
3.539999999999968505e+00 7.981935400699285310e+00
3.549999999999968292e+00 7.948080721940611326e+00
3.559999999999968079e+00 7.915150529204344032e+00
3.569999999999967866e+00 7.883653697349179978e+00
3.579999999999967653e+00 7.854111885065654164e+00
3.589999999999967439e+00 7.827056205403437161e+00
3.599999999999967226e+00 7.803023688794105794e+00
3.609999999999967013e+00 7.782553572567652900e+00
3.619999999999966800e+00 7.766183454882607862e+00
3.629999999999966587e+00 7.754445354419540415e+00
3.639999999999966374e+00 7.747861720032847010e+00
3.649999999999966160e+00 7.746941436732155850e+00
3.659999999999965947e+00 7.752175875801787797e+00
3.669999999999965734e+00 7.764035037508179471e+00
3.679999999999965521e+00 7.782963834652401935e+00
3.689999999999965308e+00 7.809378564178123483e+00
3.699999999999965095e+00 7.843663612144842645e+00
3.709999999999964881e+00 7.886168434642937264e+00
3.719999999999964668e+00 7.937204853703036633e+00
3.729999999999964455e+00 7.997044702998381993e+00
3.739999999999964242e+00 8.065917853236152624e+00
3.749999999999964029e+00 8.144010641678040230e+00
3.759999999999963816e+00 8.231464724332640870e+00
3.769999999999963602e+00 8.328376363144263550e+00
3.779999999999963389e+00 8.434796154093252341e+00
3.789999999999963176e+00 8.550729195655446091e+00
3.799999999999962963e+00 8.676135690676440859e+00
3.809999999999962750e+00 8.810931968529850167e+00
3.819999999999962537e+00 8.954991908570899994e+00
3.829999999999962323e+00 9.108148740480878303e+00
3.839999999999962110e+00 9.270197192223669447e+00
3.849999999999961897e+00 9.440895952087739573e+00
3.859999999999961684e+00 9.619970407732820306e+00
3.869999999999961471e+00 9.807115622348804962e+00
3.879999999999961258e+00 1.000199950599507837e+01
3.889999999999961044e+00 1.020426613893201662e+01
3.899999999999960831e+00 1.041353920327479621e+01
3.909999999999960618e+00 1.062942547956785333e+01
3.919999999999960405e+00 1.085151836585465013e+01
3.929999999999960192e+00 1.107940137844693496e+01
3.939999999999959979e+00 1.131265159581353608e+01
3.949999999999959766e+00 1.155084300973485689e+01
3.959999999999959552e+00 1.179354975102273428e+01
3.969999999999959339e+00 1.204034916059981164e+01
3.979999999999959126e+00 1.229082468047924337e+01
3.989999999999958913e+00 1.254456854309724534e+01
3.999999999999958700e+00 1.280118424144257361e+01
4.009999999999958931e+00 1.306028876641926573e+01
4.019999999999958717e+00 1.332151460179743552e+01
4.029999999999958504e+00 1.358451147088688415e+01
4.039999999999958291e+00 1.384894783265110974e+01
4.049999999999958078e+00 1.411451212831803659e+01
4.059999999999957865e+00 1.438091378259859709e+01
4.069999999999957652e+00 1.464788396636644485e+01
4.079999999999957438e+00 1.491517613006137921e+01
4.089999999999957225e+00 1.518256631914375454e+01
4.099999999999957012e+00 1.544985328464408347e+01
4.109999999999956799e+00 1.571685840322505179e+01
4.119999999999956586e+00 1.598342542221262974e+01
4.129999999999956373e+00 1.624942004577425436e+01
4.139999999999956160e+00 1.651472937884594927e+01
4.149999999999955946e+00 1.677926124555966325e+01
4.159999999999955733e+00 1.704294339882411435e+01
4.169999999999955520e+00 1.730572263739436778e+01
4.179999999999955307e+00 1.756756384625603573e+01
4.189999999999955094e+00 1.782844897547926877e+01
4.199999999999954881e+00 1.808837597189240398e+01
4.209999999999954667e+00 1.834735767701463871e+01
4.219999999999954454e+00 1.860542070369590917e+01
4.229999999999954241e+00 1.886260430286532142e+01
4.239999999999954028e+00 1.911895923070902015e+01
4.249999999999953815e+00 1.937454662550422668e+01
4.259999999999953602e+00 1.962943690224543758e+01
4.269999999999953388e+00 1.988370867212822901e+01
4.279999999999953175e+00 2.013744769291694325e+01
4.289999999999952962e+00 2.039074585522628880e+01
4.299999999999952749e+00 2.064370020880311074e+01
4.309999999999952536e+00 2.089641203200742581e+01
4.319999999999952323e+00 2.114898594686913924e+01
4.329999999999952109e+00 2.140152908133893561e+01
4.339999999999951896e+00 2.165415027966225381e+01
4.349999999999951683e+00 2.190695936118354936e+01
4.359999999999951470e+00 2.216006642733362497e+01
4.369999999999951257e+00 2.241358121606388210e+01
4.379999999999951044e+00 2.266761250256602978e+01
4.389999999999950830e+00 2.292226754475009898e+01
4.399999999999950617e+00 2.317765157164550516e+01
4.409999999999950404e+00 2.343386731263396072e+01
4.419999999999950191e+00 2.369101456521660864e+01
4.429999999999949978e+00 2.394918979885616750e+01
4.439999999999949765e+00 2.420848579231412856e+01
4.449999999999949551e+00 2.446899130181870774e+01
4.459999999999949338e+00 2.473079075734845134e+01
4.469999999999949125e+00 2.499396398429410482e+01
4.479999999999948912e+00 2.525858594776481780e+01
4.489999999999948699e+00 2.552472651683053328e+01
4.499999999999948486e+00 2.579245024603736880e+01
4.509999999999948272e+00 2.606181617159412056e+01
4.519999999999948059e+00 2.633287761970338536e+01
4.529999999999947846e+00 2.660568202459810294e+01
4.539999999999947633e+00 2.688027075394111876e+01
4.549999999999947420e+00 2.715667893935093247e+01
4.559999999999947207e+00 2.743493530992899920e+01
4.569999999999946994e+00 2.771506202678210684e+01
4.579999999999946780e+00 2.799707451665636171e+01
4.589999999999946567e+00 2.828098130292750767e+01
4.599999999999946354e+00 2.856678383232337026e+01
4.609999999999946141e+00 2.885447629589065244e+01
4.619999999999945928e+00 2.914404544285747534e+01
4.629999999999945715e+00 2.943547038618780221e+01
4.639999999999945501e+00 2.972872239877178657e+01
4.649999999999945288e+00 3.002376469935074965e+01
4.659999999999945075e+00 3.032055222743473877e+01
4.669999999999944862e+00 3.061903140663745759e+01
4.679999999999944649e+00 3.091913989602713286e+01
4.689999999999944436e+00 3.122080632927464450e+01
4.699999999999944222e+00 3.152395004157235192e+01
4.709999999999944009e+00 3.182848078449973173e+01
4.719999999999943796e+00 3.213429842922649016e+01
4.729999999999943583e+00 3.244129265867111656e+01
4.739999999999943370e+00 3.274934264947388840e+01
4.749999999999943157e+00 3.305831674489891725e+01
4.759999999999942943e+00 3.336807212005221857e+01
4.769999999999942730e+00 3.367845444108955633e+01
4.779999999999942517e+00 3.398929752039371976e+01
4.789999999999942304e+00 3.430042297002318463e+01
4.799999999999942091e+00 3.461163985607326055e+01
4.809999999999941878e+00 3.492274435694901058e+01
4.819999999999941664e+00 3.523351942892276867e+01
4.829999999999941451e+00 3.554373448273882730e+01
4.839999999999941238e+00 3.585314507543309048e+01
4.849999999999941025e+00 3.616149262195175140e+01
4.859999999999940812e+00 3.646850413158067283e+01
4.869999999999940599e+00 3.677389197463141102e+01
4.879999999999940385e+00 3.707735368526670072e+01
4.889999999999940172e+00 3.737857180678464175e+01
4.899999999999939959e+00 3.767721378610919913e+01
4.909999999999939746e+00 3.797293192465081546e+01
4.919999999999939533e+00 3.826536339309605950e+01
4.929999999999939320e+00 3.855413031805179003e+01
4.939999999999939106e+00 3.883883994879822410e+01
4.949999999999938893e+00 3.911908491268640375e+01
4.959999999999938680e+00 3.939444356793707414e+01
4.969999999999938467e+00 3.966448046274879857e+01
4.979999999999938254e+00 3.992874690968957196e+01
4.989999999999938041e+00 4.018678168431590336e+01
4.999999999999937828e+00 4.043811185681876452e+01
5.009999999999937614e+00 4.068225376522711656e+01
5.019999999999937401e+00 4.091871413828722126e+01
5.029999999999937188e+00 4.114699137556711150e+01
5.039999999999936975e+00 4.136657699159550106e+01
5.049999999999936762e+00 4.157695722991795151e+01
5.059999999999936549e+00 4.177761485182911372e+01
5.069999999999936335e+00 4.196803110320500707e+01
5.079999999999936122e+00 4.214768786130574796e+01
5.089999999999935909e+00 4.231606996163962719e+01
5.099999999999935696e+00 4.247266770297080285e+01
5.109999999999935483e+00 4.261697952631477193e+01
5.119999999999935270e+00 4.274851486130327771e+01
5.129999999999935056e+00 4.286679713062440555e+01
5.139999999999934843e+00 4.297136690036697360e+01
5.149999999999934630e+00 4.306178516104520781e+01
5.159999999999934417e+00 4.313763672087702616e+01
5.169999999999934204e+00 4.319853368957207351e+01
5.179999999999933991e+00 4.324411902749737635e+01
5.189999999999933777e+00 4.327407013167815109e+01
5.199999999999933564e+00 4.328810242671680442e+01
5.209999999999933351e+00 4.328597292543799568e+01
5.219999999999933138e+00 4.326748372096353989e+01
5.229999999999932925e+00 4.323248536906267248e+01
5.239999999999932712e+00 4.318088011709447471e+01
5.249999999999932498e+00 4.311262493374008642e+01
5.259999999999932285e+00 4.302773429210430578e+01
5.269999999999932072e+00 4.292628265772815155e+01
5.279999999999931859e+00 4.280840663268544688e+01
5.289999999999931646e+00 4.267430670731008036e+01
5.299999999999931433e+00 4.252424857229013355e+01
5.309999999999931219e+00 4.235856394592943985e+01
5.319999999999931006e+00 4.217765087436281135e+01
5.329999999999930793e+00 4.198197346645097383e+01
5.339999999999930580e+00 4.177206102998574266e+01
5.349999999999930367e+00 4.154850658169942079e+01
5.359999999999930154e+00 4.131196471036247431e+01
5.369999999999929940e+00 4.106314877991591317e+01
5.379999999999929727e+00 4.080282746803896288e+01
5.389999999999929514e+00 4.053182064469271495e+01
5.399999999999929301e+00 4.025099460487657410e+01
5.409999999999929088e+00 3.996125667993023001e+01
5.419999999999928875e+00 3.966354926203499076e+01
5.429999999999928662e+00 3.935884328692019807e+01
5.439999999999928448e+00 3.904813122995221164e+01
5.449999999999928235e+00 3.873241968055746298e+01
5.459999999999928022e+00 3.841272156908341628e+01
5.469999999999927809e+00 3.809004812850793087e+01
5.479999999999927596e+00 3.776540068065461497e+01
5.489999999999927383e+00 3.743976234255766400e+01
5.499999999999927169e+00 3.711408975316221159e+01
5.509999999999926956e+00 3.678930492349267922e+01
5.519999999999926743e+00 3.646628731464638662e+01
5.529999999999926530e+00 3.614586624738983289e+01
5.539999999999926317e+00 3.582881374470202474e+01
5.549999999999926104e+00 3.551583790432428600e+01
5.559999999999925890e+00 3.520757689227833254e+01
5.569999999999925677e+00 3.490459364049665680e+01
5.579999999999925464e+00 3.460737132229759538e+01
5.589999999999925251e+00 3.431630966860946330e+01
5.599999999999925038e+00 3.403172217580865322e+01
5.609999999999924825e+00 3.375383424302930280e+01
5.619999999999924611e+00 3.348278226308978844e+01
5.629999999999924398e+00 3.321861367704956081e+01
5.639999999999924185e+00 3.296128798814829963e+01
5.649999999999923972e+00 3.271067871678607730e+01
5.659999999999923759e+00 3.246657626456321566e+01
5.669999999999923546e+00 3.222869164248680818e+01
5.679999999999923332e+00 3.199666100651941036e+01
5.689999999999923119e+00 3.177005093291779758e+01
5.699999999999922906e+00 3.154836435647545301e+01
5.709999999999922693e+00 3.133104708699565322e+01
5.719999999999922480e+00 3.111749481319177590e+01
5.729999999999922267e+00 3.090706049880854067e+01
5.739999999999922053e+00 3.069906207310787138e+01
5.749999999999921840e+00 3.049279031694983999e+01
5.759999999999921627e+00 3.028751684646866238e+01
5.769999999999921414e+00 3.008250209870567460e+01
5.779999999999921201e+00 2.987700322739014425e+01
5.789999999999920988e+00 2.967028182220987986e+01
5.799999999999920774e+00 2.946161137121161033e+01
5.809999999999920561e+00 2.925028439323301654e+01
5.819999999999920348e+00 2.903561917529679448e+01
5.829999999999920135e+00 2.881696605849266390e+01
5.839999999999919922e+00 2.859371322483644917e+01
5.849999999999919709e+00 2.836529194673529375e+01
5.859999999999919496e+00 2.813118126982158174e+01
5.869999999999919282e+00 2.789091210887799477e+01
5.879999999999919069e+00 2.764407074521262331e+01
5.889999999999918856e+00 2.739030172202419777e+01
5.899999999999918643e+00 2.712931014191366330e+01
5.909999999999918430e+00 2.686086337766134946e+01
5.919999999999918217e+00 2.658479221363030476e+01
5.929999999999918003e+00 2.630099144063230554e+01
5.939999999999917790e+00 2.600941993177560363e+01
5.949999999999917577e+00 2.571010023069705497e+01
5.959999999999917364e+00 2.540311768667393011e+01
5.969999999999917151e+00 2.508861917343873671e+01
5.979999999999916938e+00 2.476681143011760255e+01
5.989999999999916724e+00 2.443795906363015291e+01
5.999999999999916511e+00 2.410238225217805308e+01
6.009999999999916298e+00 2.376045418917405527e+01
6.019999999999916085e+00 2.341259830618761129e+01
6.029999999999915872e+00 2.305928531227366562e+01
6.039999999999915659e+00 2.270103008547614110e+01
6.049999999999915445e+00 2.233838845042220456e+01
6.059999999999915232e+00 2.197195387381184872e+01
6.069999999999915019e+00 2.160235410731943517e+01
6.079999999999914806e+00 2.123024780501577524e+01
6.089999999999914593e+00 2.085632113994197567e+01
6.099999999999914380e+00 2.048128444196511211e+01
6.109999999999914166e+00 2.010586887656200616e+01
6.119999999999913953e+00 1.973082318174444794e+01
6.129999999999913740e+00 1.935691047798737685e+01
6.139999999999913527e+00 1.898490516377440684e+01
6.149999999999913314e+00 1.861558990725166751e+01
6.159999999999913101e+00 1.824975274249537094e+01
6.169999999999912887e+00 1.788818427706118896e+01
6.179999999999912674e+00 1.753167501580035292e+01
6.189999999999912461e+00 1.718101280440085077e+01
6.199999999999912248e+00 1.683698039474280961e+01
6.209999999999912035e+00 1.650035313294139172e+01
6.219999999999911822e+00 1.617189676988411051e+01
6.229999999999911608e+00 1.585236539314583482e+01
6.239999999999911395e+00 1.554249947837540446e+01
6.249999999999911182e+00 1.524302405758502843e+01
6.259999999999910969e+00 1.495464700122663793e+01
6.269999999999910756e+00 1.467805741049918211e+01
6.279999999999910543e+00 1.441392411598716627e+01
6.289999999999910330e+00 1.416289427847297233e+01
6.299999999999910116e+00 1.392559208758473233e+01
6.309999999999909903e+00 1.370261755382747637e+01
6.319999999999909690e+00 1.349454538948935500e+01
6.329999999999909477e+00 1.330192397390849735e+01
6.339999999999909264e+00 1.312527439862131473e+01
6.349999999999909051e+00 1.296508958798336586e+01
6.359999999999908837e+00 1.282183349095182301e+01
6.369999999999908624e+00 1.269594033983935688e+01
6.379999999999908411e+00 1.258781397198714025e+01
6.389999999999908198e+00 1.249782721045586875e+01
6.399999999999907985e+00 1.242632129999396540e+01
6.409999999999907772e+00 1.237360539470921417e+01
6.419999999999907558e+00 1.233995609404106020e+01
6.429999999999907345e+00 1.232561702380407276e+01
6.439999999999907132e+00 1.233079845924778439e+01
6.449999999999906919e+00 1.235567698725293795e+01
6.459999999999906706e+00 1.240039520495971992e+01
6.469999999999906493e+00 1.246506145229923490e+01
6.479999999999906279e+00 1.254974957607684516e+01
6.489999999999906066e+00 1.265449872343512183e+01
6.499999999999905853e+00 1.277931316270741036e+01
6.509999999999905640e+00 1.292416212986083757e+01
6.519999999999905427e+00 1.308897969892316837e+01
6.529999999999905214e+00 1.327366467499212987e+01
6.539999999999905000e+00 1.347808050864147944e+01
6.549999999999904787e+00 1.370205523076781162e+01
6.559999999999904574e+00 1.394538140716746533e+01
6.569999999999904361e+00 1.420781611239703679e+01
6.579999999999904148e+00 1.448908092275635262e+01
6.589999999999903935e+00 1.478886192854114157e+01
6.599999999999903721e+00 1.510680976604691317e+01
6.609999999999903508e+00 1.544253967016759077e+01
6.619999999999903295e+00 1.579563154882374931e+01
6.629999999999903082e+00 1.616563008087827669e+01
6.639999999999902869e+00 1.655204483965214379e+01
6.649999999999902656e+00 1.695435044464105445e+01
6.659999999999902442e+00 1.737198674455543568e+01
6.669999999999902229e+00 1.780435903536029230e+01
6.679999999999902016e+00 1.825083831757812547e+01
6.689999999999901803e+00 1.871076159773427960e+01
6.699999999999901590e+00 1.918343223946754250e+01
6.709999999999901377e+00 1.966812037049642470e+01
6.719999999999901164e+00 2.016406335231694769e+01
6.729999999999900950e+00 2.067046632020667829e+01
6.739999999999900737e+00 2.118650280181358170e+01
6.749999999999900524e+00 2.171131542330871156e+01
6.759999999999900311e+00 2.224401671276887171e+01
6.769999999999900098e+00 2.278369001111707348e+01
6.779999999999899885e+00 2.332939050157138894e+01
6.789999999999899671e+00 2.388014636912203770e+01
6.799999999999899458e+00 2.443496010205524982e+01
6.809999999999899245e+00 2.499280994795214639e+01
6.819999999999899032e+00 2.555265153689166979e+01
6.829999999999898819e+00 2.611341968475729658e+01
6.839999999999898606e+00 2.667403038956417660e+01
6.849999999999898392e+00 2.723338303356334222e+01
6.859999999999898179e+00 2.779036280351733623e+01
6.869999999999897966e+00 2.834384334095124203e+01
6.879999999999897753e+00 2.889268963333993412e+01
6.889999999999897540e+00 2.943576115607004340e+01
6.899999999999897327e+00 2.997191527359044727e+01
6.909999999999897113e+00 3.050001090641412560e+01
6.919999999999896900e+00 3.101891246853808326e+01
6.929999999999896687e+00 3.152749407738793863e+01
6.939999999999896474e+00 3.202464403555799777e+01
6.949999999999896261e+00 3.250926958039740811e+01
6.959999999999896048e+00 3.298030189388648381e+01
6.969999999999895834e+00 3.343670136125969350e+01
6.979999999999895621e+00 3.387746306247687755e+01
6.989999999999895408e+00 3.430162247594321911e+01
6.999999999999895195e+00 3.470826136886591229e+01
7.009999999999894982e+00 3.509651384335295177e+01
7.019999999999894769e+00 3.546557250186386057e+01
7.029999999999894555e+00 3.581469468998063377e+01
7.039999999999894342e+00 3.614320876875946453e+01
7.049999999999894129e+00 3.645052036324348421e+01
7.059999999999893916e+00 3.673611852816770096e+01
7.069999999999893703e+00 3.699958176658752507e+01
7.079999999999893490e+00 3.724058383223612623e+01
7.089999999999893276e+00 3.745889924200186982e+01
7.099999999999893063e+00 3.765440842115432929e+01
7.109999999999892850e+00 3.782710240098386123e+01
7.119999999999892637e+00 3.797708698650232861e+01
7.129999999999892424e+00 3.810458631092389936e+01
7.139999999999892211e+00 3.820994569394522244e+01
7.149999999999891998e+00 3.829363372249748920e+01
7.159999999999891784e+00 3.835624347576272442e+01
7.169999999999891571e+00 3.839849282092099969e+01
7.179999999999891358e+00 3.842122371239231882e+01
7.189999999999891145e+00 3.842540043529049143e+01
7.199999999999890932e+00 3.841210674341887454e+01
7.209999999999890719e+00 3.838254185337427771e+01
7.219999999999890505e+00 3.833801526910745849e+01
7.229999999999890292e+00 3.827994042549757836e+01
7.239999999999890079e+00 3.820982715497049043e+01
7.249999999999889866e+00 3.812927299771770606e+01
7.259999999999889653e+00 3.803995339340718829e+01
7.269999999999889440e+00 3.794361081012573322e+01
7.279999999999889226e+00 3.784204288433685548e+01
7.289999999999889013e+00 3.773708966352021577e+01
7.299999999999888800e+00 3.763062006050786579e+01
7.309999999999888587e+00 3.752451764496191089e+01
7.319999999999888374e+00 3.742066591255631636e+01
7.329999999999888161e+00 3.732093318585290831e+01
7.339999999999887947e+00 3.722715731223296132e+01
7.349999999999887734e+00 3.714113033322918511e+01
7.359999999999887521e+00 3.706458330590523076e+01
7.369999999999887308e+00 3.699917146030959714e+01
7.379999999999887095e+00 3.694645987730752523e+01
7.389999999999886882e+00 3.690790986815444796e+01
7.399999999999886668e+00 3.688486623097857375e+01
7.409999999999886455e+00 3.687854554992726719e+01
7.419999999999886242e+00 3.689002569021811695e+01
7.429999999999886029e+00 3.692023662691829600e+01
7.439999999999885816e+00 3.696995272722217862e+01
7.449999999999885603e+00 3.703978658564794557e+01
7.459999999999885389e+00 3.713018448932521665e+01
7.469999999999885176e+00 3.724142356684620836e+01
7.479999999999884963e+00 3.737361064948758838e+01
7.489999999999884750e+00 3.752668284848846270e+01
7.499999999999884537e+00 3.770040982701110721e+01
7.509999999999884324e+00 3.789439772093192005e+01
7.519999999999884110e+00 3.810809463920367079e+01
7.529999999999883897e+00 3.834079765266577056e+01
7.539999999999883684e+00 3.859166116027317628e+01
7.549999999999883471e+00 3.885970650413476335e+01
7.559999999999883258e+00 3.914383268979847230e+01
7.569999999999883045e+00 3.944282805612660070e+01
7.579999999999882832e+00 3.975538273002550227e+01
7.589999999999882618e+00 4.008010169531343081e+01
7.599999999999882405e+00 4.041551830213250440e+01
7.609999999999882192e+00 4.076010804347099281e+01
7.619999999999881979e+00 4.111230242842658811e+01
7.629999999999881766e+00 4.147050278761710729e+01
7.639999999999881553e+00 4.183309385438488448e+01
7.649999999999881339e+00 4.219845697585910926e+01
7.659999999999881126e+00 4.256498282021279778e+01
7.669999999999880913e+00 4.293108346023622346e+01
7.679999999999880700e+00 4.329520372829065877e+01
7.689999999999880487e+00 4.365583175344711009e+01
7.699999999999880274e+00 4.401150860780452945e+01
7.709999999999880060e+00 4.436083700528559604e+01
7.719999999999879847e+00 4.470248901231339289e+01
7.729999999999879634e+00 4.503521274539538410e+01
7.739999999999879421e+00 4.535783804553064158e+01
7.749999999999879208e+00 4.566928113330017425e+01
7.759999999999878995e+00 4.596854826131948357e+01
7.769999999999878781e+00 4.625473839229366746e+01
7.779999999999878568e+00 4.652704494111717537e+01
7.789999999999878355e+00 4.678475662824452286e+01
7.799999999999878142e+00 4.702725749889503959e+01
7.809999999999877929e+00 4.725402616855355120e+01
7.819999999999877716e+00 4.746463435972013656e+01
7.829999999999877502e+00 4.765874479800687880e+01
7.839999999999877289e+00 4.783610853755375558e+01
7.849999999999877076e+00 4.799656178643922999e+01
7.859999999999876863e+00 4.814002230239527336e+01
7.869999999999876650e+00 4.826648542782408668e+01
7.879999999999876437e+00 4.837601983097095371e+01
7.889999999999876223e+00 4.846876301726017289e+01
7.899999999999876010e+00 4.854491667136996824e+01
7.909999999999875797e+00 4.860474188672563400e+01
7.919999999999875584e+00 4.864855433484137848e+01
7.929999999999875371e+00 4.867671942244533057e+01
7.939999999999875158e+00 4.868964747967631723e+01
7.949999999999874944e+00 4.868778901793233160e+01
7.959999999999874731e+00 4.867163009125813744e+01
7.969999999999874518e+00 4.864168779054848102e+01
7.979999999999874305e+00 4.859850589537526133e+01
7.989999999999874092e+00 4.854265070396439796e+01
7.999999999999873879e+00 4.847470705779444700e+01
8.009999999999873666e+00 4.839527457348986417e+01
8.019999999999873452e+00 4.830496409116109646e+01
8.029999999999873239e+00 4.820439434511343535e+01
8.039999999999873026e+00 4.809418885991610182e+01
8.049999999999872813e+00 4.797497307219234131e+01
8.059999999999872600e+00 4.784737167615779896e+01
8.069999999999872387e+00 4.771200618889097456e+01
8.079999999999872173e+00 4.756949272955473162e+01
8.089999999999871960e+00 4.742044000528768066e+01
8.099999999999871747e+00 4.726544749523416300e+01
8.109999999999871534e+00 4.710510382316390832e+01
8.119999999999871321e+00 4.693998530832847393e+01
8.129999999999871108e+00 4.677065468359369049e+01
8.139999999999870894e+00 4.659765996945681366e+01
8.149999999999870681e+00 4.642153349228425441e+01
8.159999999999870468e+00 4.624279103497441668e+01
8.169999999999870255e+00 4.606193110824213477e+01
8.179999999999870042e+00 4.587943433082016043e+01
8.189999999999869829e+00 4.569576290706424970e+01
8.199999999999869615e+00 4.551136019071773831e+01
8.209999999999869402e+00 4.532665032392596771e+01
8.219999999999869189e+00 4.514203794097822708e+01
8.229999999999868976e+00 4.495790792668694280e+01
8.239999999999868763e+00 4.477462521977793131e+01
8.249999999999868550e+00 4.459253465215805790e+01
8.259999999999868336e+00 4.441196081543683505e+01
8.269999999999868123e+00 4.423320794660343580e+01
8.279999999999867910e+00 4.405655982529474102e+01
8.289999999999867697e+00 4.388227967562980325e+01
8.299999999999867484e+00 4.371061006612872291e+01
8.309999999999867271e+00 4.354177280177833609e+01
8.319999999999867057e+00 4.337596880285106948e+01
8.329999999999866844e+00 4.321337796562810496e+01
8.339999999999866631e+00 4.305415900072213020e+01
8.349999999999866418e+00 4.289844924524082614e+01
8.359999999999866205e+00 4.274636444558088755e+01
8.369999999999865992e+00 4.259799850819496925e+01
8.379999999999865778e+00 4.245342321623365933e+01
8.389999999999865565e+00 4.231268791053338418e+01
8.399999999999865352e+00 4.217581913400224636e+01
8.409999999999865139e+00 4.204282023905151533e+01
8.419999999999864926e+00 4.191367095833465584e+01
8.429999999999864713e+00 4.178832693969119561e+01
8.439999999999864500e+00 4.166671924685226003e+01
8.449999999999864286e+00 4.154875382815163931e+01
8.459999999999864073e+00 4.143431095620337601e+01
8.469999999999863860e+00 4.132324464225703764e+01
8.479999999999863647e+00 4.121538202972568854e+01
8.489999999999863434e+00 4.111052277220399986e+01
8.499999999999863221e+00 4.100843840215189573e+01
8.509999999999863007e+00 4.090887169731657735e+01
8.519999999999862794e+00 4.081153605290082709e+01
8.529999999999862581e+00 4.071611486845638694e+01
8.539999999999862368e+00 4.062226095948686577e+01
8.549999999999862155e+00 4.052959600478027369e+01
8.559999999999861942e+00 4.043771004155281901e+01
8.569999999999861728e+00 4.034616102156558526e+01
8.579999999999861515e+00 4.025447444246705686e+01
8.589999999999861302e+00 4.016214306970582015e+01
8.599999999999861089e+00 4.006862676543886437e+01
8.609999999999860876e+00 3.997335244191533832e+01
8.619999999999860663e+00 3.987571415782922202e+01
8.629999999999860449e+00 3.977507337708715340e+01
8.639999999999860236e+00 3.967075941030823572e+01
8.649999999999860023e+00 3.956207006013831062e+01
8.659999999999859810e+00 3.944827249209528475e+01
8.669999999999859597e+00 3.932860435313513392e+01
8.679999999999859384e+00 3.920227516041180138e+01
8.689999999999859170e+00 3.906846798276114185e+01
8.699999999999858957e+00 3.892634143723955020e+01
8.709999999999858744e+00 3.877503202255022785e+01
8.719999999999858531e+00 3.861365681036033948e+01
8.729999999999858318e+00 3.844131651431102625e+01
8.739999999999858105e+00 3.825709895491026202e+01
8.749999999999857891e+00 3.806008293644148210e+01
8.759999999999857678e+00 3.784934254948095855e+01
8.769999999999857465e+00 3.762395190956260649e+01
8.779999999999857252e+00 3.738299033893384404e+01
8.789999999999857039e+00 3.712554799418413864e+01
8.799999999999856826e+00 3.685073193778683276e+01
8.809999999999856612e+00 3.655767264626423696e+01
8.819999999999856399e+00 3.624553094177007040e+01
8.829999999999856186e+00 3.591350532739522805e+01
8.839999999999855973e+00 3.556083969946911338e+01
8.849999999999855760e+00 3.518683140259208386e+01
8.859999999999855547e+00 3.479083958515076347e+01
8.869999999999855333e+00 3.437229380471369211e+01
8.879999999999855120e+00 3.393070282407070692e+01
8.889999999999854907e+00 3.346566352987979087e+01
8.899999999999854694e+00 3.297686989704867955e+01
8.909999999999854481e+00 3.246412191325642738e+01
8.919999999999854268e+00 3.192733436958063109e+01
8.929999999999854055e+00 3.136654541522259976e+01
8.939999999999853841e+00 3.078192476701785196e+01
8.949999999999853628e+00 3.017378145799161615e+01
8.959999999999853415e+00 2.954257100389207125e+01
8.969999999999853202e+00 2.888890186263058624e+01
8.979999999999852989e+00 2.821354105910263499e+01
8.989999999999852776e+00 2.751741884717412745e+01
8.999999999999852562e+00 2.680163228189850244e+01
9.009999999999852349e+00 2.606744757846750105e+01
9.019999999999852136e+00 2.531630114014964761e+01
9.029999999999851923e+00 2.454979914566118637e+01
9.039999999999851710e+00 2.376971559712680460e+01
9.049999999999851497e+00 2.297798874305740924e+01
9.059999999999851283e+00 2.217671580657980712e+01
9.069999999999851070e+00 2.136814596741934480e+01
9.079999999999850857e+00 2.055467156671760165e+01
9.089999999999850644e+00 1.973881752645291954e+01
9.099999999999850431e+00 1.892322899974403327e+01
9.109999999999850218e+00 1.811065729431073379e+01
9.119999999999850004e+00 1.730394413843300683e+01
9.129999999999849791e+00 1.650600438642274170e+01
9.139999999999849578e+00 1.571980728838512675e+01
9.149999999999849365e+00 1.494835647633977693e+01
9.159999999999849152e+00 1.419466884501115977e+01
9.169999999999848939e+00 1.346175253018118312e+01
9.179999999999848725e+00 1.275258420982704877e+01
9.189999999999848512e+00 1.207008597276147555e+01
9.199999999999848299e+00 1.141710201560567484e+01
9.209999999999848086e+00 1.079637544116295800e+01
9.219999999999847873e+00 1.021052543919867261e+01
9.229999999999847660e+00 9.662025133929139642e+00
9.239999999999847446e+00 9.153180380936102978e+00
9.249999999999847233e+00 8.686109789619662180e+00
9.259999999999847020e+00 8.262726235665180496e+00
9.269999999999846807e+00 7.884720111432090839e+00
9.279999999999846594e+00 7.553544540902423776e+00
9.289999999999846381e+00 7.270402760200011194e+00
9.299999999999846167e+00 7.036237835166771148e+00
9.309999999999845954e+00 6.851724854621197736e+00
9.319999999999845741e+00 6.717265702374412228e+00
9.329999999999845528e+00 6.632986473560862350e+00
9.339999999999845315e+00 6.598737562124303402e+00
9.349999999999845102e+00 6.614096407186204729e+00
9.359999999999844889e+00 6.678372847321486283e+00
9.369999999999844675e+00 6.790616994269880635e+00
9.379999999999844462e+00 6.949629502077385723e+00
9.389999999999844249e+00 7.153974074792361471e+00
9.399999999999844036e+00 7.401992026259835100e+00
9.409999999999843823e+00 7.691818679800613623e+00
9.419999999999843610e+00 8.021401374059909273e+00
9.429999999999843396e+00 8.388518824382650507e+00
9.439999999999843183e+00 8.790801576921356997e+00
9.449999999999842970e+00 9.225753285390574376e+00
9.459999999999842757e+00 9.690772537916165774e+00
9.469999999999842544e+00 1.018317496364497998e+01
9.479999999999842331e+00 1.070021535543469327e+01
9.489999999999842117e+00 1.123910955570031511e+01
9.499999999999841904e+00 1.179705586694046460e+01
9.509999999999841691e+00 1.237125576613011901e+01
9.519999999999841478e+00 1.295893372252836606e+01
9.529999999999841265e+00 1.355735594096184649e+01
9.539999999999841052e+00 1.416384787674579115e+01
9.549999999999840838e+00 1.477581039353688119e+01
9.559999999999840625e+00 1.539073446103157394e+01
9.569999999999840412e+00 1.600621431501749470e+01
9.579999999999840199e+00 1.661995902737793429e+01
9.589999999999839986e+00 1.722980245781402431e+01
9.599999999999839773e+00 1.783371158191361161e+01
9.609999999999839559e+00 1.842979321144461125e+01
9.619999999999839346e+00 1.901629914213320305e+01
9.629999999999839133e+00 1.959162978150939338e+01
9.639999999999838920e+00 2.015433632453504131e+01
9.649999999999838707e+00 2.070312155759697248e+01
9.659999999999838494e+00 2.123683938202989196e+01
9.669999999999838280e+00 2.175449315665786543e+01
9.679999999999838067e+00 2.225523296497937764e+01
9.689999999999837854e+00 2.273835191667471634e+01
9.699999999999837641e+00 2.320328159522298250e+01
9.709999999999837428e+00 2.364958676373800017e+01
9.719999999999837215e+00 2.407695943984498399e+01
9.729999999999837001e+00 2.448521244771093919e+01
9.739999999999836788e+00 2.487427255140512372e+01
9.749999999999836575e+00 2.524417326879652279e+01
9.759999999999836362e+00 2.559504745938419035e+01
9.769999999999836149e+00 2.592711977298803205e+01
9.779999999999835936e+00 2.624069903927655645e+01
9.789999999999835723e+00 2.653617067083542835e+01
9.799999999999835509e+00 2.681398914503587250e+01
9.809999999999835296e+00 2.707467062247499712e+01
9.819999999999835083e+00 2.731878575235051088e+01
9.829999999999834870e+00 2.754695270789813577e+01
9.839999999999834657e+00 2.775983048804689446e+01
9.849999999999834444e+00 2.795811251480522586e+01
9.859999999999834230e+00 2.814252054963233007e+01
9.869999999999834017e+00 2.831379894621713333e+01
9.879999999999833804e+00 2.847270925170907319e+01
9.889999999999833591e+00 2.862002516353869197e+01
9.899999999999833378e+00 2.875652784453811961e+01
9.909999999999833165e+00 2.888300159512252918e+01
9.919999999999832951e+00 2.900022987781213857e+01
9.929999999999832738e+00 2.910899168634920642e+01
9.939999999999832525e+00 2.921005824907309645e+01
9.949999999999832312e+00 2.930419005403645727e+01
9.959999999999832099e+00 2.939213418155168966e+01
9.969999999999831886e+00 2.947462192841886264e+01
9.979999999999831672e+00 2.955236670697625101e+01
9.989999999999831459e+00 2.962606220130199475e+01
9.999999999999831246e+00 2.969638076235027668e+01
