1.000000000000000021e-02 9.999194938638102936e-01
2.000000000000000042e-02 9.996781547835016379e-01
2.999999999999999889e-02 9.992764078338793876e-01
4.000000000000000083e-02 9.987148849242097892e-01
5.000000000000000278e-02 9.979944228474553203e-01
6.000000000000000472e-02 9.971160609186892065e-01
7.000000000000000666e-02 9.960810382177672784e-01
8.000000000000000167e-02 9.948907904525039481e-01
8.999999999999999667e-02 9.935469464596697886e-01
9.999999999999999167e-02 9.920513243620655564e-01
1.099999999999999867e-01 9.904059274007700475e-01
1.199999999999999817e-01 9.886129394623714983e-01
1.299999999999999767e-01 9.866747203215908701e-01
1.399999999999999856e-01 9.845938006201870873e-01
1.499999999999999944e-01 9.823728766033994475e-01
1.600000000000000033e-01 9.800148046354261178e-01
1.700000000000000122e-01 9.775225955155780744e-01
1.800000000000000211e-01 9.748994086167683815e-01
1.900000000000000300e-01 9.721485458679186564e-01
2.000000000000000389e-01 9.692734456016796063e-01
2.100000000000000477e-01 9.662776762885805226e-01
2.200000000000000566e-01 9.631649301783589134e-01
2.300000000000000655e-01 9.599390168687456093e-01
2.400000000000000744e-01 9.566038568214650928e-01
2.500000000000000555e-01 9.531634748445819705e-01
2.600000000000000644e-01 9.496219935596530437e-01
2.700000000000000733e-01 9.459836268714102436e-01
2.800000000000000822e-01 9.422526734569037776e-01
2.900000000000000910e-01 9.384335102902010561e-01
3.000000000000000999e-01 9.345305862178653333e-01
3.100000000000001088e-01 9.305484155995307205e-01
3.200000000000001177e-01 9.264915720269574217e-01
3.300000000000001266e-01 9.223646821340087953e-01
3.400000000000001354e-01 9.181724195090312790e-01
3.500000000000001443e-01 9.139194987201516573e-01
3.600000000000001532e-01 9.096106694630489153e-01
3.700000000000001621e-01 9.052507108397996882e-01
3.800000000000001710e-01 9.008444257764578467e-01
3.900000000000001799e-01 8.963966355860983892e-01
4.000000000000001887e-01 8.919121746831587538e-01
4.100000000000001976e-01 8.873958854540333618e-01
4.200000000000002065e-01 8.828526132880289978e-01
4.300000000000002154e-01 8.782872017719821622e-01
4.400000000000002243e-01 8.737044880510602685e-01
4.500000000000002331e-01 8.691092983575353648e-01
4.600000000000002420e-01 8.645064437086265041e-01
4.700000000000002509e-01 8.599007157738546292e-01
4.800000000000002598e-01 8.552968829117469918e-01
4.900000000000002687e-01 8.506996863751746796e-01
5.000000000000002220e-01 8.461138366840847969e-01
5.100000000000002309e-01 8.415440101639253268e-01
5.200000000000002398e-01 8.369948456476432597e-01
5.300000000000002487e-01 8.324709413387516577e-01
5.400000000000002576e-01 8.279768518326452442e-01
5.500000000000002665e-01 8.235170852930396856e-01
5.600000000000002753e-01 8.190961007801874638e-01
5.700000000000002842e-01 8.147183057273010842e-01
5.800000000000002931e-01 8.103880535614651492e-01
5.900000000000003020e-01 8.061096414651911513e-01
6.000000000000003109e-01 8.018873082746715841e-01
6.100000000000003197e-01 7.977252325107480058e-01
6.200000000000003286e-01 7.936275305385681600e-01
6.300000000000003375e-01 7.895982548519224764e-01
6.400000000000003464e-01 7.856413924782765790e-01
6.500000000000003553e-01 7.817608635005672824e-01
6.600000000000003642e-01 7.779605196919131549e-01
6.700000000000003730e-01 7.742441432594777684e-01
6.800000000000003819e-01 7.706154456938427710e-01
6.900000000000003908e-01 7.670780667203664915e-01
7.000000000000003997e-01 7.636355733491463349e-01
7.100000000000004086e-01 7.602914590203517786e-01
7.200000000000004174e-01 7.570491428418411051e-01
7.300000000000004263e-01 7.539119689161474236e-01
7.400000000000004352e-01 7.508832057540728577e-01
7.500000000000004441e-01 7.479660457722976385e-01
7.600000000000004530e-01 7.451636048725802652e-01
7.700000000000004619e-01 7.424789221002786599e-01
7.800000000000004707e-01 7.399149593800891100e-01
7.900000000000004796e-01 7.374746013270513378e-01
8.000000000000004885e-01 7.351606551310150284e-01
8.100000000000004974e-01 7.329758505129047030e-01
8.200000000000005063e-01 7.309228397512574915e-01
8.300000000000005151e-01 7.290041977776218207e-01
8.400000000000005240e-01 7.272224223395309384e-01
8.500000000000005329e-01 7.255799342298602239e-01
8.600000000000005418e-01 7.240790775814736069e-01
8.700000000000005507e-01 7.227221202261450150e-01
8.800000000000005596e-01 7.215112541168158256e-01
8.900000000000005684e-01 7.204485958122950340e-01
9.000000000000005773e-01 7.195361870235746915e-01
9.100000000000005862e-01 7.187759952209505920e-01
9.200000000000005951e-01 7.181699143011779363e-01
9.300000000000006040e-01 7.177197653138915889e-01
9.400000000000006128e-01 7.174272972465323139e-01
9.500000000000006217e-01 7.172941878670118232e-01
9.600000000000006306e-01 7.173220446233241621e-01
9.700000000000006395e-01 7.175124055992944117e-01
9.800000000000006484e-01 7.178667405256116130e-01
9.900000000000006573e-01 7.183864518452539594e-01
1.000000000000000666e+00 7.190728758323594594e-01
1.010000000000000675e+00 7.199272837635375399e-01
1.020000000000000684e+00 7.209508831405551099e-01
1.030000000000000693e+00 7.221448189632578840e-01
1.040000000000000702e+00 7.235101750515093855e-01
1.050000000000000711e+00 7.250479754148635436e-01
1.060000000000000719e+00 7.267591856685867713e-01
1.070000000000000728e+00 7.286447144945776833e-01
1.080000000000000737e+00 7.307054151456352509e-01
1.090000000000000746e+00 7.329420869914403669e-01
1.100000000000000755e+00 7.353554771045328620e-01
1.110000000000000764e+00 7.379462818844686467e-01
1.120000000000000773e+00 7.407151487182632721e-01
1.130000000000000782e+00 7.436626776751351642e-01
1.140000000000000790e+00 7.467894232334817417e-01
1.150000000000000799e+00 7.500958960379376927e-01
1.160000000000000808e+00 7.535825646842863046e-01
1.170000000000000817e+00 7.572498575299203560e-01
1.180000000000000826e+00 7.610981645274742524e-01
1.190000000000000835e+00 7.651278390791873552e-01
1.200000000000000844e+00 7.693391999094855160e-01
1.210000000000000853e+00 7.737325329532230844e-01
1.220000000000000862e+00 7.783080932569610422e-01
1.230000000000000870e+00 7.830661068906167310e-01
1.240000000000000879e+00 7.880067728667802252e-01
1.250000000000000888e+00 7.931302650649449948e-01
1.260000000000000897e+00 7.984367341578824107e-01
1.270000000000000906e+00 8.039263095373556656e-01
1.280000000000000915e+00 8.095991012363514816e-01
1.290000000000000924e+00 8.154552018449947592e-01
1.300000000000000933e+00 8.214946884173073283e-01
1.310000000000000941e+00 8.277176243659584154e-01
1.320000000000000950e+00 8.341240613421728733e-01
1.330000000000000959e+00 8.407140410979625500e-01
1.340000000000000968e+00 8.474875973278639396e-01
1.350000000000000977e+00 8.544447574873841322e-01
1.360000000000000986e+00 8.615855445853835004e-01
1.370000000000000995e+00 8.689099789476543156e-01
1.380000000000001004e+00 8.764180799489853513e-01
1.390000000000001013e+00 8.841098677110460491e-01
1.400000000000001021e+00 8.919853647634651272e-01
1.410000000000001030e+00 9.000445976655265801e-01
1.420000000000001039e+00 9.082875985859548695e-01
1.430000000000001048e+00 9.167144068383233924e-01
1.440000000000001057e+00 9.253250703696656032e-01
1.450000000000001066e+00 9.341196471999451134e-01
1.460000000000001075e+00 9.430982068100887128e-01
1.470000000000001084e+00 9.522608314763670867e-01
1.480000000000001092e+00 9.616076175489650657e-01
1.490000000000001101e+00 9.711386766726606279e-01
1.500000000000001110e+00 9.808541369476044824e-01
1.510000000000001119e+00 9.907541440282565670e-01
1.520000000000001128e+00 1.000838862158626386e+00
1.530000000000001137e+00 1.011108475142024066e+00
1.540000000000001146e+00 1.021563187243617943e+00
1.550000000000001155e+00 1.032203224024166754e+00
1.560000000000001164e+00 1.043028833103366804e+00
1.570000000000001172e+00 1.054040284851349707e+00
1.580000000000001181e+00 1.065237873006922520e+00
1.590000000000001190e+00 1.076621915221237957e+00
1.600000000000001199e+00 1.088192753525648149e+00
1.610000000000001208e+00 1.099950754722583968e+00
1.620000000000001217e+00 1.111896310698365475e+00
1.630000000000001226e+00 1.124029838656936953e+00
1.640000000000001235e+00 1.136351781273590156e+00
1.650000000000001243e+00 1.148862606767814709e+00
1.660000000000001252e+00 1.161562808894487375e+00
1.670000000000001261e+00 1.174452906852688105e+00
1.680000000000001270e+00 1.187533445111498498e+00
1.690000000000001279e+00 1.200804993152213340e+00
1.700000000000001288e+00 1.214268145126462306e+00
1.710000000000001297e+00 1.227923519429807042e+00
1.720000000000001306e+00 1.241771758190452601e+00
1.730000000000001315e+00 1.255813526672770575e+00
1.740000000000001323e+00 1.270049512595401664e+00
1.750000000000001332e+00 1.284480425363770495e+00
1.760000000000001341e+00 1.299106995216902538e+00
1.770000000000001350e+00 1.313929972288505166e+00
1.780000000000001359e+00 1.328950125582327946e+00
1.790000000000001368e+00 1.344168241861880997e+00
1.800000000000001377e+00 1.359585124454650629e+00
1.810000000000001386e+00 1.375201591971008552e+00
1.820000000000001394e+00 1.391018476938073345e+00
1.830000000000001403e+00 1.407036624348828369e+00
1.840000000000001412e+00 1.423256890126878060e+00
1.850000000000001421e+00 1.439680139507256929e+00
1.860000000000001430e+00 1.456307245333778200e+00
1.870000000000001439e+00 1.473139086273463461e+00
1.880000000000001448e+00 1.490176544948634607e+00
1.890000000000001457e+00 1.507420505987322912e+00
1.900000000000001465e+00 1.524871853992696202e+00
1.910000000000001474e+00 1.542531471432254664e+00
1.920000000000001483e+00 1.560400236447612610e+00
1.930000000000001492e+00 1.578479020585724202e+00
1.940000000000001501e+00 1.596768686452473052e+00
1.950000000000001510e+00 1.615270085289602919e+00
1.960000000000001519e+00 1.633984054476014247e+00
1.970000000000001528e+00 1.652911414954506553e+00
1.980000000000001537e+00 1.672052968585109323e+00
1.990000000000001545e+00 1.691409495426189791e+00
2.000000000000001332e+00 1.710981750944590374e+00
2.010000000000001119e+00 1.730770463156094952e+00
2.020000000000000906e+00 1.750776329697591338e+00
2.030000000000000693e+00 1.771000014832339930e+00
2.040000000000000480e+00 1.791442146389828682e+00
2.050000000000000266e+00 1.812103312641745845e+00
2.060000000000000053e+00 1.832984059115658315e+00
2.069999999999999840e+00 1.854084885348043610e+00
2.079999999999999627e+00 1.875406241578387867e+00
2.089999999999999414e+00 1.896948525386108031e+00
2.099999999999999201e+00 1.918712078272132304e+00
2.109999999999998987e+00 1.940697182187015146e+00
2.119999999999998774e+00 1.962904056007541698e+00
2.129999999999998561e+00 1.985332851963821810e+00
2.139999999999998348e+00 2.007983652018938248e+00
2.149999999999998135e+00 2.030856464203279366e+00
2.159999999999997922e+00 2.053951218905745613e+00
2.169999999999997708e+00 2.077267765124072074e+00
2.179999999999997495e+00 2.100805866676574762e+00
2.189999999999997282e+00 2.124565198377704967e+00
2.199999999999997069e+00 2.148545342179815965e+00
2.209999999999996856e+00 2.172745783283652532e+00
2.219999999999996643e+00 2.197165906220102549e+00
2.229999999999996430e+00 2.221804990905815735e+00
2.239999999999996216e+00 2.246662208675364703e+00
2.249999999999996003e+00 2.271736618292655052e+00
2.259999999999995790e+00 2.297027161944382279e+00
2.269999999999995577e+00 2.322532661218356331e+00
2.279999999999995364e+00 2.348251813069591520e+00
2.289999999999995151e+00 2.374183185777092753e+00
2.299999999999994937e+00 2.400325214894350800e+00
2.309999999999994724e+00 2.426676199196564632e+00
2.319999999999994511e+00 2.453234296627710975e+00
2.329999999999994298e+00 2.479997520250571519e+00
2.339999999999994085e+00 2.506963734202922733e+00
2.349999999999993872e+00 2.534130649663098644e+00
2.359999999999993658e+00 2.561495820828201708e+00
2.369999999999993445e+00 2.589056640908249385e+00
2.379999999999993232e+00 2.616810338139612391e+00
2.389999999999993019e+00 2.644753971821090399e+00
2.399999999999992806e+00 2.672884428376048227e+00
2.409999999999992593e+00 2.701198417444004463e+00
2.419999999999992379e+00 2.729692468005153749e+00
2.429999999999992166e+00 2.758362924541255978e+00
2.439999999999991953e+00 2.787205943236389150e+00
2.449999999999991740e+00 2.816217488221063547e+00
2.459999999999991527e+00 2.845393327863182442e+00
2.469999999999991314e+00 2.874729031109372723e+00
2.479999999999991100e+00 2.904219963880179556e+00
2.489999999999990887e+00 2.933861285522639584e+00
2.499999999999990674e+00 2.963647945323728550e+00
2.509999999999990461e+00 2.993574679088156998e+00
2.519999999999990248e+00 3.023636005784015257e+00
2.529999999999990035e+00 3.053826224259696964e+00
2.539999999999989821e+00 3.084139410035541040e+00
2.549999999999989608e+00 3.114569412173608498e+00
2.559999999999989395e+00 3.145109850228961168e+00
2.569999999999989182e+00 3.175754111285796544e+00
2.579999999999988969e+00 3.206495347081748548e+00
2.589999999999988756e+00 3.237326471223627156e+00
2.599999999999988542e+00 3.268240156497837834e+00
2.609999999999988329e+00 3.299228832278662260e+00
2.619999999999988116e+00 3.330284682037573329e+00
2.629999999999987903e+00 3.361399640956662438e+00
2.639999999999987690e+00 3.392565393649275673e+00
2.649999999999987477e+00 3.423773371990857406e+00
2.659999999999987264e+00 3.455014753062988664e+00
2.669999999999987050e+00 3.486280457213563722e+00
2.679999999999986837e+00 3.517561146236013236e+00
2.689999999999986624e+00 3.548847221670437424e+00
2.699999999999986411e+00 3.580128823229505208e+00
2.709999999999986198e+00 3.611395827351945975e+00
2.719999999999985985e+00 3.642637845886442793e+00
2.729999999999985771e+00 3.673844224908747513e+00
2.739999999999985558e+00 3.705004043674839043e+00
2.749999999999985345e+00 3.736106113712954091e+00
2.759999999999985132e+00 3.767138978057382737e+00
2.769999999999984919e+00 3.798090910626934935e+00
2.779999999999984706e+00 3.828949915751087563e+00
2.789999999999984492e+00 3.859703727846874877e+00
2.799999999999984279e+00 3.890339811249732271e+00
2.809999999999984066e+00 3.920845360201577812e+00
2.819999999999983853e+00 3.951207298999645623e+00
2.829999999999983640e+00 3.981412282309704231e+00
2.839999999999983427e+00 4.011446695647546967e+00
2.849999999999983213e+00 4.041296656032881351e+00
2.859999999999983000e+00 4.070948012820025497e+00
2.869999999999982787e+00 4.100386348710109097e+00
2.879999999999982574e+00 4.129596980949908236e+00
2.889999999999982361e+00 4.158564962722737235e+00
2.899999999999982148e+00 4.187275084737379416e+00
2.909999999999981934e+00 4.215711877021406373e+00
2.919999999999981721e+00 4.243859610925889925e+00
2.929999999999981508e+00 4.271702301348980768e+00
2.939999999999981295e+00 4.299223709186551723e+00
2.949999999999981082e+00 4.326407344018743828e+00
2.959999999999980869e+00 4.353236467041998736e+00
2.969999999999980655e+00 4.379694094256975312e+00
2.979999999999980442e+00 4.405762999923565459e+00
2.989999999999980229e+00 4.431425720295169235e+00
2.999999999999980016e+00 4.456664557645311220e+00
3.009999999999979803e+00 4.481461584600726411e+00
3.019999999999979590e+00 4.505798648796071504e+00
3.029999999999979376e+00 4.529657377866614709e+00
3.039999999999979163e+00 4.553019184796332830e+00
3.049999999999978950e+00 4.575865273640137509e+00
3.059999999999978737e+00 4.598176645640188909e+00
3.069999999999978524e+00 4.619934105757568688e+00
3.079999999999978311e+00 4.641118269641905769e+00
3.089999999999978098e+00 4.661709571062962354e+00
3.099999999999977884e+00 4.681688269829540339e+00
3.109999999999977671e+00 4.701034460222517808e+00
3.119999999999977458e+00 4.719728079970225920e+00
3.129999999999977245e+00 4.737748919795842006e+00
3.139999999999977032e+00 4.755076633567825617e+00
3.149999999999976819e+00 4.771690749085919947e+00
3.159999999999976605e+00 4.787570679536514717e+00
3.169999999999976392e+00 4.802695735652553921e+00
3.179999999999976179e+00 4.817045138614438393e+00
3.189999999999975966e+00 4.830598033729538443e+00
3.199999999999975753e+00 4.843333504929082878e+00
3.209999999999975540e+00 4.855230590122194378e+00
3.219999999999975326e+00 4.866268297447700064e+00
3.229999999999975113e+00 4.876425622465172971e+00
3.239999999999974900e+00 4.885681566327159331e+00
3.249999999999974687e+00 4.894015154975072335e+00
3.259999999999974474e+00 4.901405459401376064e+00
3.269999999999974261e+00 4.907831617020742776e+00
3.279999999999974047e+00 4.913272854192615391e+00
3.289999999999973834e+00 4.917708509937109618e+00
3.299999999999973621e+00 4.921118060885453005e+00
3.309999999999973408e+00 4.923481147505027522e+00
3.319999999999973195e+00 4.924777601637765123e+00
3.329999999999972982e+00 4.924987475388765468e+00
3.339999999999972768e+00 4.924091071400039432e+00
3.349999999999972555e+00 4.922068974541670805e+00
3.359999999999972342e+00 4.918902085049778883e+00
3.369999999999972129e+00 4.914571653137374874e+00
3.379999999999971916e+00 4.909059315100376963e+00
3.389999999999971703e+00 4.902347130936776765e+00
3.399999999999971489e+00 4.894417623492270941e+00
3.409999999999971276e+00 4.885253819140421783e+00
3.419999999999971063e+00 4.874839289999697733e+00
3.429999999999970850e+00 4.863158197683549844e+00
3.439999999999970637e+00 4.850195338572911297e+00
3.449999999999970424e+00 4.835936190593314699e+00
3.459999999999970210e+00 4.820366961471013845e+00
3.469999999999969997e+00 4.803474638434324540e+00
3.479999999999969784e+00 4.785247039317537698e+00
3.489999999999969571e+00 4.765672865015647020e+00
3.499999999999969358e+00 4.744741753228352898e+00
3.509999999999969145e+00 4.722444333421719875e+00
3.519999999999968932e+00 4.698772282925294697e+00
3.529999999999968718e+00 4.673718384071568366e+00
3.539999999999968505e+00 4.647276582273410561e+00
3.549999999999968292e+00 4.619442044923475876e+00
3.559999999999968079e+00 4.590211220987817420e+00
3.569999999999967866e+00 4.559581901153875627e+00
3.579999999999967653e+00 4.527553278380811896e+00
3.589999999999967439e+00 4.494126008687922891e+00
3.599999999999967226e+00 4.459302272004594059e+00
3.609999999999967013e+00 4.423085832893035807e+00
3.619999999999966800e+00 4.385482100942921235e+00
3.629999999999966587e+00 4.346498190625256441e+00
3.639999999999966374e+00 4.306142980381197027e+00
3.649999999999966160e+00 4.264427170710384907e+00
3.659999999999965947e+00 4.221363341012689396e+00
3.669999999999965734e+00 4.176966004927151310e+00
3.679999999999965521e+00 4.131251663902529181e+00
3.689999999999965308e+00 4.084238858725155907e+00
3.699999999999965095e+00 4.035948218722156255e+00
3.709999999999964881e+00 3.986402508351204688e+00
3.719999999999964668e+00 3.935626670882402145e+00
3.729999999999964455e+00 3.883647868873280284e+00
3.739999999999964242e+00 3.830495521134753112e+00
3.749999999999964029e+00 3.776201335883984989e+00
3.759999999999963816e+00 3.720799339779721215e+00
3.769999999999963602e+00 3.664325902536796686e+00
3.779999999999963389e+00 3.606819756819363398e+00
3.789999999999963176e+00 3.548322013116774976e+00
3.799999999999962963e+00 3.488876169312382647e+00
3.809999999999962750e+00 3.428528114663530690e+00
3.819999999999962537e+00 3.367326127920954093e+00
3.829999999999962323e+00 3.305320869327649458e+00
3.839999999999962110e+00 3.242565366250976133e+00
3.849999999999961897e+00 3.179114992217504376e+00
3.859999999999961684e+00 3.115027439137691090e+00
3.869999999999961471e+00 3.050362682527024916e+00
3.879999999999961258e+00 2.985182939551713766e+00
3.889999999999961044e+00 2.919552619750286127e+00
3.899999999999960831e+00 2.853538268307481029e+00
3.909999999999960618e+00 2.787208501783672965e+00
3.919999999999960405e+00 2.720633936231398042e+00
3.929999999999960192e+00 2.653887107660548139e+00
3.939999999999959979e+00 2.587042384845078313e+00
3.949999999999959766e+00 2.520175874496705770e+00
3.959999999999959552e+00 2.453365318864768163e+00
3.969999999999959339e+00 2.386689985856109253e+00
3.979999999999959126e+00 2.320230551804278285e+00
3.989999999999958913e+00 2.254068977053399703e+00
3.999999999999958700e+00 2.188288374558478022e+00
4.009999999999958931e+00 2.122972871740550715e+00
4.019999999999958717e+00 2.058207465871649600e+00
4.029999999999958504e+00 1.994077873300862391e+00
4.039999999999958291e+00 1.930670372868629414e+00
4.049999999999958078e+00 1.868071643891482392e+00
4.059999999999957865e+00 1.806368599133588493e+00
4.069999999999957652e+00 1.745648213214393563e+00
4.079999999999957438e+00 1.685997346933145735e+00
4.089999999999957225e+00 1.627502568020921858e+00
4.099999999999957012e+00 1.570249968858697276e+00
4.109999999999956799e+00 1.514324981725815977e+00
4.119999999999956586e+00 1.459812192166709321e+00
4.129999999999956373e+00 1.406795151084672124e+00
4.139999999999956160e+00 1.355356186189745404e+00
4.149999999999955946e+00 1.305576213443152778e+00
4.159999999999955733e+00 1.257534549153047632e+00
4.169999999999955520e+00 1.211308723385522867e+00
4.179999999999955307e+00 1.166974295360711178e+00
4.189999999999955094e+00 1.124604671506323594e+00
4.199999999999954881e+00 1.084270926840047000e+00
4.209999999999954667e+00 1.046041630347773532e+00
4.219999999999954454e+00 1.009982675016724674e+00
4.229999999999954241e+00 9.761571131710429228e-01
4.239999999999954028e+00 9.446249977424912014e-01
4.249999999999953815e+00 9.154432300905085418e-01
4.259999999999953602e+00 8.886654149641219913e-01
4.269999999999953388e+00 8.643417231731993500e-01
4.279999999999953175e+00 8.425187625083900844e-01
4.289999999999952962e+00 8.232394574179598967e-01
4.299999999999952749e+00 8.065429379157784684e-01
4.309999999999952536e+00 7.924644381581359420e-01
4.319999999999952323e+00 7.810352050880808861e-01
4.329999999999952109e+00 7.722824175047795503e-01
4.339999999999951896e+00 7.662291158722883688e-01
4.349999999999951683e+00 7.628941431373057469e-01
4.359999999999951470e+00 7.622920967792692348e-01
4.369999999999951257e+00 7.644332922687900878e-01
4.379999999999951044e+00 7.693237380622253152e-01
4.389999999999950830e+00 7.769651222114324352e-01
4.399999999999950617e+00 7.873548106187296947e-01
4.409999999999950404e+00 8.004858569181158012e-01
4.419999999999950191e+00 8.163470239151464636e-01
4.429999999999949978e+00 8.349228164698475618e-01
4.439999999999949765e+00 8.561935256599049193e-01
4.449999999999949551e+00 8.801352840154319512e-01
4.459999999999949338e+00 9.067201315720956334e-01
4.469999999999949125e+00 9.359160924465523834e-01
4.479999999999948912e+00 9.676872615972490488e-01
4.489999999999948699e+00 1.001993901394869102e+00
4.499999999999948486e+00 1.038792547590292825e+00
4.509999999999948272e+00 1.078036124234016624e+00
4.519999999999948059e+00 1.119674067069788670e+00
4.529999999999947846e+00 1.163652454896782373e+00
4.539999999999947633e+00 1.209914148369205744e+00
4.549999999999947420e+00 1.258398935679799768e+00
4.559999999999947207e+00 1.309043684554371145e+00
4.569999999999946994e+00 1.361782499968351656e+00
4.579999999999946780e+00 1.416546886983402809e+00
4.589999999999946567e+00 1.473265918092301119e+00
4.599999999999946354e+00 1.531866404453741781e+00
4.609999999999946141e+00 1.592273070395220147e+00
4.619999999999945928e+00 1.654408730561776508e+00
4.629999999999945715e+00 1.718194469090997156e+00
4.639999999999945501e+00 1.783549820200178049e+00
4.649999999999945288e+00 1.850392949579917623e+00
4.659999999999945075e+00 1.918640835999363414e+00
4.669999999999944862e+00 1.988209452541885414e+00
4.679999999999944649e+00 2.059013946905867698e+00
4.689999999999944436e+00 2.130968820223419158e+00
4.699999999999944222e+00 2.203988103870005766e+00
4.709999999999944009e+00 2.277985533760021664e+00
4.719999999999943796e+00 2.352874721647071343e+00
4.729999999999943583e+00 2.428569322972943478e+00
4.739999999999943370e+00 2.504983200835786850e+00
4.749999999999943157e+00 2.582030585675619161e+00
4.759999999999942943e+00 2.659626230303882011e+00
4.769999999999942730e+00 2.737685559933010992e+00
4.779999999999942517e+00 2.816124816891823368e+00
4.789999999999942304e+00 2.894861199742706948e+00
4.799999999999942091e+00 2.973812996546960186e+00
4.809999999999941878e+00 3.052899712054998105e+00
4.819999999999941664e+00 3.132042188628369139e+00
4.829999999999941451e+00 3.211162720730448505e+00
4.839999999999941238e+00 3.290185162852112821e+00
4.849999999999941025e+00 3.369035030767609129e+00
4.859999999999940812e+00 3.447639596043960974e+00
4.869999999999940599e+00 3.525927973754616751e+00
4.879999999999940385e+00 3.603831203374398662e+00
4.889999999999940172e+00 3.681282322858233869e+00
4.899999999999939959e+00 3.758216435930356702e+00
4.909999999999939746e+00 3.834570772633771440e+00
4.919999999999939533e+00 3.910284743211605907e+00
4.929999999999939320e+00 3.985299985412491530e+00
4.939999999999939106e+00 4.059560405331349209e+00
4.949999999999938893e+00 4.133012211914770084e+00
4.959999999999938680e+00 4.205603945276660482e+00
4.969999999999938467e+00 4.277286498984867791e+00
4.979999999999938254e+00 4.348013136493204200e+00
4.989999999999938041e+00 4.417739501905513677e+00
4.999999999999937828e+00 4.486423625269405413e+00
5.009999999999937614e+00 4.554025922606721899e+00
5.019999999999937401e+00 4.620509190896183505e+00
5.029999999999937188e+00 4.685838598230422924e+00
5.039999999999936975e+00 4.749981669375404003e+00
5.049999999999936762e+00 4.812908266964678994e+00
5.059999999999936549e+00 4.874590568564187265e+00
5.069999999999936335e+00 4.935003039845549111e+00
5.079999999999936122e+00 4.994122404106921209e+00
5.089999999999935909e+00 5.051927608380641921e+00
5.099999999999935696e+00 5.108399786366035755e+00
5.109999999999935483e+00 5.163522218424141386e+00
5.119999999999935270e+00 5.217280288868561655e+00
5.129999999999935056e+00 5.269661440783401041e+00
5.139999999999934843e+00 5.320655128595292105e+00
5.149999999999934630e+00 5.370252768621914363e+00
5.159999999999934417e+00 5.418447687814241576e+00
5.169999999999934204e+00 5.465235070904063797e+00
5.179999999999933991e+00 5.510611906162191431e+00
5.189999999999933777e+00 5.554576929966205334e+00
5.199999999999933564e+00 5.597130570369690972e+00
5.209999999999933351e+00 5.638274889857775918e+00
5.219999999999933138e+00 5.678013527466276855e+00
5.229999999999932925e+00 5.716351640434212733e+00
5.239999999999932712e+00 5.753295845551584797e+00
5.249999999999932498e+00 5.788854160356526890e+00
5.259999999999932285e+00 5.823035944327917157e+00
5.269999999999932072e+00 5.855851840211572679e+00
5.279999999999931859e+00 5.887313715610209996e+00
5.289999999999931646e+00 5.917434604959416866e+00
5.299999999999931433e+00 5.946228652003968662e+00
5.309999999999931219e+00 5.973711052881157002e+00
5.319999999999931006e+00 5.999897999910061230e+00
5.329999999999930793e+00 6.024806626178291324e+00
5.339999999999930580e+00 6.048454951010317160e+00
5.349999999999930367e+00 6.070861826394429173e+00
5.359999999999930154e+00 6.092046884438395260e+00
5.369999999999929940e+00 6.112030485917136602e+00
5.379999999999929727e+00 6.130833669969284472e+00
5.389999999999929514e+00 6.148478104993143845e+00
5.399999999999929301e+00 6.164986040786624599e+00
5.409999999999929088e+00 6.180380261969852462e+00
5.419999999999928875e+00 6.194684042723672235e+00
5.429999999999928662e+00 6.207921102872004937e+00
5.439999999999928448e+00 6.220115565330923246e+00
5.449999999999928235e+00 6.231291914942595156e+00
5.459999999999928022e+00 6.241474958707771137e+00
5.469999999999927809e+00 6.250689787426099819e+00
5.479999999999927596e+00 6.258961738749736270e+00
5.489999999999927383e+00 6.266316361651758982e+00
5.499999999999927169e+00 6.272779382307541951e+00
5.509999999999926956e+00 6.278376671383866459e+00
5.519999999999926743e+00 6.283134212727506274e+00
5.529999999999926530e+00 6.287078073442252446e+00
5.539999999999926317e+00 6.290234375340659767e+00
5.549999999999926104e+00 6.292629267754468181e+00
5.559999999999925890e+00 6.294288901685388460e+00
5.569999999999925677e+00 6.295239405276017663e+00
5.579999999999925464e+00 6.295506860578782948e+00
5.589999999999925251e+00 6.295117281599178938e+00
5.599999999999925038e+00 6.294096593588167643e+00
5.609999999999924825e+00 6.292470613557209269e+00
5.619999999999924611e+00 6.290265031988364619e+00
5.629999999999924398e+00 6.287505395710811129e+00
5.639999999999924185e+00 6.284217091914342745e+00
5.649999999999923972e+00 6.280425333269637811e+00
5.659999999999923759e+00 6.276155144124518692e+00
5.669999999999923546e+00 6.271431347744938378e+00
5.679999999999923332e+00 6.266278554569012726e+00
5.689999999999923119e+00 6.260721151442227850e+00
5.699999999999922906e+00 6.254783291801656375e+00
5.709999999999922693e+00 6.248488886777070483e+00
5.719999999999922480e+00 6.241861597176685095e+00
5.729999999999922267e+00 6.234924826325418223e+00
5.739999999999922053e+00 6.227701713723697630e+00
5.749999999999921840e+00 6.220215129494970796e+00
5.759999999999921627e+00 6.212487669590407435e+00
5.769999999999921414e+00 6.204541651719542195e+00
5.779999999999921201e+00 6.196399111975994245e+00
5.789999999999920988e+00 6.188081802127777031e+00
5.799999999999920774e+00 6.179611187542162654e+00
5.809999999999920561e+00 6.171008445715538748e+00
5.819999999999920348e+00 6.162294465379174468e+00
5.829999999999920135e+00 6.153489846152398357e+00
5.839999999999919922e+00 6.144614898715163420e+00
5.849999999999919709e+00 6.135689645472604425e+00
5.859999999999919496e+00 6.126733821684759107e+00
5.869999999999919282e+00 6.117766877035213824e+00
5.879999999999919069e+00 6.108807977613084361e+00
5.889999999999918856e+00 6.099876008283287021e+00
5.899999999999918643e+00 6.090989575420779900e+00
5.909999999999918430e+00 6.082167009984964956e+00
5.919999999999918217e+00 6.073426370911183980e+00
5.929999999999918003e+00 6.064785448796785161e+00
5.939999999999917790e+00 6.056261769859899502e+00
5.949999999999917577e+00 6.047872600149696964e+00
5.959999999999917364e+00 6.039634949987463308e+00
5.969999999999917151e+00 6.031565578618515389e+00
5.979999999999916938e+00 6.023680999055521568e+00
5.989999999999916724e+00 6.015997483094407627e+00
5.999999999999916511e+00 6.008531066484604111e+00
6.009999999999916298e+00 6.001297554235995868e+00
6.019999999999916085e+00 5.994312526045459499e+00
6.029999999999915872e+00 5.987591341826417946e+00
6.039999999999915659e+00 5.981149147325449889e+00
6.049999999999915445e+00 5.975000879810435706e+00
6.059999999999915232e+00 5.969161273815258184e+00
6.069999999999915019e+00 5.963644866926612664e+00
6.079999999999914806e+00 5.958466005598924475e+00
6.089999999999914593e+00 5.953638850983841380e+00
6.099999999999914380e+00 5.949177384761254572e+00
6.109999999999914166e+00 5.945095414959221003e+00
6.119999999999913953e+00 5.941406581750583449e+00
6.129999999999913740e+00 5.938124363214525303e+00
6.139999999999913527e+00 5.935262081051639882e+00
6.149999999999913314e+00 5.932832906241560345e+00
6.159999999999913101e+00 5.930849864632478763e+00
6.169999999999912887e+00 5.929325842452285222e+00
6.179999999999912674e+00 5.928273591731398895e+00
6.189999999999912461e+00 5.927705735627675665e+00
6.199999999999912248e+00 5.927634773644067323e+00
6.209999999999912035e+00 5.928073086730073271e+00
6.219999999999911822e+00 5.929032942258231742e+00
6.229999999999911608e+00 5.930526498867214613e+00
6.239999999999911395e+00 5.932565811163340364e+00
6.249999999999911182e+00 5.935162834272552423e+00
6.259999999999910969e+00 5.938329428235157970e+00
6.269999999999910756e+00 5.942077362235833604e+00
6.279999999999910543e+00 5.946418318661601532e+00
6.289999999999910330e+00 5.951363896980698343e+00
6.299999999999910116e+00 5.956925617435425480e+00
6.309999999999909903e+00 5.963114924542233908e+00
6.319999999999909690e+00 5.969943190392475785e+00
6.329999999999909477e+00 5.977421717747406049e+00
6.339999999999909264e+00 5.985561742921104766e+00
6.349999999999909051e+00 5.994374438445207787e+00
6.359999999999908837e+00 6.003870915509351924e+00
6.369999999999908624e+00 6.014062226171438930e+00
6.379999999999908411e+00 6.024959365331820749e+00
6.389999999999908198e+00 6.036573272465695972e+00
6.399999999999907985e+00 6.048914833107988720e+00
6.409999999999907772e+00 6.061994880085156190e+00
6.419999999999907558e+00 6.075824194488280483e+00
6.429999999999907345e+00 6.090413506382003739e+00
6.439999999999907132e+00 6.105773495243804305e+00
6.449999999999906919e+00 6.121914790128171191e+00
6.459999999999906706e+00 6.138847969550260686e+00
6.469999999999906493e+00 6.156583561083629696e+00
6.479999999999906279e+00 6.175132040666632349e+00
6.489999999999906066e+00 6.194503831612085065e+00
6.499999999999905853e+00 6.214709303314763567e+00
6.509999999999905640e+00 6.235758769651324585e+00
6.519999999999905427e+00 6.257662487067156221e+00
6.529999999999905214e+00 6.280430652344676901e+00
6.539999999999905000e+00 6.304073400047542464e+00
6.549999999999904787e+00 6.328600799635159646e+00
6.559999999999904574e+00 6.354022852241897112e+00
6.569999999999904361e+00 6.380349487115253737e+00
6.579999999999904148e+00 6.407590557707239398e+00
6.589999999999903935e+00 6.435755837413111635e+00
6.599999999999903721e+00 6.464855014951571555e+00
6.609999999999903508e+00 6.494897689380363381e+00
6.619999999999903295e+00 6.525893364741274461e+00
6.629999999999903082e+00 6.557851444328255397e+00
6.639999999999902869e+00 6.590781224572451080e+00
6.649999999999902656e+00 6.624691888537725504e+00
6.659999999999902442e+00 6.659592499020240197e+00
6.669999999999902229e+00 6.695491991245472896e+00
6.679999999999902016e+00 6.732399165155982246e+00
6.689999999999901803e+00 6.770322677283182600e+00
6.699999999999901590e+00 6.809271032196169138e+00
6.709999999999901377e+00 6.849252573520638876e+00
6.719999999999901164e+00 6.890275474520786148e+00
6.729999999999900950e+00 6.932347728236985418e+00
6.739999999999900737e+00 6.975477137171958830e+00
6.749999999999900524e+00 7.019671302518078804e+00
6.759999999999900311e+00 7.064937612918290810e+00
6.769999999999900098e+00 7.111283232753178751e+00
6.779999999999899885e+00 7.158715089946551480e+00
6.789999999999899671e+00 7.207239863281880154e+00
6.799999999999899458e+00 7.256863969221948096e+00
6.809999999999899245e+00 7.307593548223941582e+00
6.819999999999899032e+00 7.359434450542299722e+00
6.829999999999898819e+00 7.412392221511609591e+00
6.839999999999898606e+00 7.466472086301823019e+00
6.849999999999898392e+00 7.521678934138248174e+00
6.859999999999898179e+00 7.578017301978666964e+00
6.869999999999897966e+00 7.635491357640239229e+00
6.879999999999897753e+00 7.694104882368837828e+00
6.889999999999897540e+00 7.753861252843658569e+00
6.899999999999897327e+00 7.814763422610262467e+00
6.909999999999897113e+00 7.876813902935303702e+00
6.919999999999896900e+00 7.940014743076568848e+00
6.929999999999896687e+00 8.004367509962310834e+00
6.939999999999896474e+00 8.069873267274150663e+00
6.949999999999896261e+00 8.136532553928354616e+00
6.959999999999896048e+00 8.204345361950746707e+00
6.969999999999895834e+00 8.273311113740994927e+00
6.979999999999895621e+00 8.343428638722814483e+00
6.989999999999895408e+00 8.414696149377080658e+00
6.999999999999895195e+00 8.487111216655799595e+00
7.009999999999894982e+00 8.560670744775572771e+00
7.019999999999894769e+00 8.635370945390191011e+00
7.029999999999894555e+00 8.711207311142974419e+00
7.039999999999894342e+00 8.788174588600501380e+00
7.049999999999894129e+00 8.866266750570641619e+00
7.059999999999893916e+00 8.945476967809028679e+00
7.069999999999893703e+00 9.025797580119471419e+00
7.079999999999893490e+00 9.107220066855362006e+00
7.089999999999893276e+00 9.189735016830658410e+00
7.099999999999893063e+00 9.273332097650811789e+00
7.109999999999892850e+00 9.358000024475785494e+00
7.119999999999892637e+00 9.443726528229305472e+00
7.129999999999892424e+00 9.530498323270574446e+00
7.139999999999892211e+00 9.618301074546915075e+00
7.149999999999891998e+00 9.707119364248153914e+00
7.159999999999891784e+00 9.796936657986119457e+00
7.169999999999891571e+00 9.887735270525183751e+00
7.179999999999891358e+00 9.979496331092736483e+00
7.189999999999891145e+00 1.007219974830126397e+01
7.199999999999890932e+00 1.016582417471698108e+01
7.209999999999890719e+00 1.026034697111318472e+01
7.219999999999890505e+00 1.035574417044983164e+01
7.229999999999890292e+00 1.045199044162466961e+01
7.239999999999890079e+00 1.054905905304480918e+01
7.249999999999889866e+00 1.064692183607167841e+01
7.259999999999889653e+00 1.074554914839636943e+01
7.269999999999889440e+00 1.084490983740666614e+01
7.279999999999889226e+00 1.094497120361143772e+01
7.289999999999889013e+00 1.104569896419277875e+01
7.299999999999888800e+00 1.114705721676095251e+01
7.309999999999888587e+00 1.124900840339210362e+01
7.319999999999888374e+00 1.135151327503393937e+01
7.329999999999888161e+00 1.145453085636956558e+01
7.339999999999887947e+00 1.155801841123529172e+01
7.349999999999887734e+00 1.166193140869352973e+01
7.359999999999887521e+00 1.176622348986768429e+01
7.369999999999887308e+00 1.187084643565163944e+01
7.379999999999887095e+00 1.197575013541228905e+01
7.389999999999886882e+00 1.208088255680964629e+01
7.399999999999886668e+00 1.218618971686494312e+01
7.409999999999886455e+00 1.229161565441343384e+01
7.419999999999886242e+00 1.239710240408465225e+01
7.429999999999886029e+00 1.250258997195920152e+01
7.439999999999885816e+00 1.260801631305721138e+01
7.449999999999885603e+00 1.271331731082003991e+01
7.459999999999885389e+00 1.281842675875276072e+01
7.469999999999885176e+00 1.292327634440123418e+01
7.479999999999884963e+00 1.302779563584360645e+01
7.489999999999884750e+00 1.313191207088192769e+01
7.499999999999884537e+00 1.323555094912541641e+01
7.509999999999884324e+00 1.333863542716255424e+01
7.519999999999884110e+00 1.344108651702445378e+01
7.529999999999883897e+00 1.354282308814720714e+01
7.539999999999883684e+00 1.364376187304581300e+01
7.549999999999883471e+00 1.374381747691649558e+01
7.559999999999883258e+00 1.384290239138880452e+01
7.569999999999883045e+00 1.394092701265225287e+01
7.579999999999882832e+00 1.403779966418561642e+01
7.589999999999882618e+00 1.413342662431978702e+01
7.599999999999882405e+00 1.422771215886706919e+01
7.609999999999882192e+00 1.432055855905148078e+01
7.619999999999881979e+00 1.441186618497533445e+01
7.629999999999881766e+00 1.450153351485754527e+01
7.639999999999881553e+00 1.458945720027826631e+01
7.649999999999881339e+00 1.467553212766303616e+01
7.659999999999881126e+00 1.475965148623707890e+01
7.669999999999880913e+00 1.484170684267673757e+01
7.679999999999880700e+00 1.492158822268087270e+01
7.689999999999880487e+00 1.499918419967899830e+01
7.699999999999880274e+00 1.507438199088644737e+01
7.709999999999880060e+00 1.514706756090870954e+01
7.719999999999879847e+00 1.521712573308760774e+01
7.729999999999879634e+00 1.528444030877172111e+01
7.739999999999879421e+00 1.534889419468084881e+01
7.749999999999879208e+00 1.541036953852112035e+01
7.759999999999878995e+00 1.546874787299219101e+01
7.769999999999878781e+00 1.552391026831126908e+01
7.779999999999878568e+00 1.557573749336056324e+01
7.789999999999878355e+00 1.562411018554469422e+01
7.799999999999878142e+00 1.566890902942322761e+01
7.809999999999877929e+00 1.571001494415986244e+01
7.819999999999877716e+00 1.574730927980506046e+01
7.829999999999877502e+00 1.578067402240184514e+01
7.839999999999877289e+00 1.580999200787604408e+01
7.849999999999877076e+00 1.583514714464166140e+01
7.859999999999876863e+00 1.585602464482018092e+01
7.869999999999876650e+00 1.587251126393855394e+01
7.879999999999876437e+00 1.588449554893493954e+01
7.889999999999876223e+00 1.589186809426422542e+01
7.899999999999876010e+00 1.589452180585616681e+01
7.909999999999875797e+00 1.589235217263863831e+01
7.919999999999875584e+00 1.588525754529655742e+01
7.929999999999875371e+00 1.587313942189358329e+01
7.939999999999875158e+00 1.585590273993909172e+01
7.949999999999874944e+00 1.583345617443720776e+01
7.959999999999874731e+00 1.580571244140773146e+01
7.969999999999874518e+00 1.577258860632114690e+01
7.979999999999874305e+00 1.573400639684155422e+01
7.989999999999874092e+00 1.568989251922230288e+01
7.999999999999873879e+00 1.564017897765015519e+01
8.009999999999873666e+00 1.558480339578405349e+01
8.019999999999873452e+00 1.552370933968591160e+01
8.029999999999873239e+00 1.545684664129154307e+01
8.039999999999873026e+00 1.538417172152208856e+01
8.049999999999872813e+00 1.530564791208882980e+01
8.059999999999872600e+00 1.522124577499851306e+01
8.069999999999872387e+00 1.513094341872169402e+01
8.079999999999872173e+00 1.503472680994415711e+01
8.089999999999871960e+00 1.493259007978103092e+01
8.099999999999871747e+00 1.482453582329527464e+01
8.109999999999871534e+00 1.471057539112740287e+01
8.119999999999871321e+00 1.459072917201135944e+01
8.129999999999871108e+00 1.446502686492337375e+01
8.139999999999870894e+00 1.433350773958639834e+01
8.149999999999870681e+00 1.419622088403268023e+01
8.159999999999870468e+00 1.405322543791193013e+01
8.169999999999870255e+00 1.390459081022194177e+01
8.179999999999870042e+00 1.375039688013397132e+01
8.189999999999869829e+00 1.359073417958541086e+01
8.199999999999869615e+00 1.342570405631952823e+01
8.209999999999869402e+00 1.325541881606440597e+01
8.219999999999869189e+00 1.308000184256323806e+01
8.229999999999868976e+00 1.289958769419400042e+01
8.239999999999868763e+00 1.271432217595007153e+01
8.249999999999868550e+00 1.252436238559373294e+01
8.259999999999868336e+00 1.232987673284227270e+01
8.269999999999868123e+00 1.213104493050178689e+01
8.279999999999867910e+00 1.192805795652650502e+01
8.289999999999867697e+00 1.172111798605184596e+01
8.299999999999867484e+00 1.151043829252735762e+01
8.309999999999867271e+00 1.129624311716112040e+01
8.319999999999867057e+00 1.107876750597980653e+01
8.329999999999866844e+00 1.085825711390868520e+01
8.339999999999866631e+00 1.063496797538280880e+01
8.349999999999866418e+00 1.040916624111395627e+01
8.359999999999866205e+00 1.018112788075821484e+01
8.369999999999865992e+00 9.951138351354627432e+00
8.379999999999865778e+00 9.719492231537035565e+00
8.389999999999865565e+00 9.486492821657339647e+00
8.399999999999865352e+00 9.252451710099402149e+00
8.409999999999865139e+00 9.017688306207336524e+00
8.419999999999864926e+00 8.782529340399671369e+00
8.429999999999864713e+00 8.547308332190961977e+00
8.439999999999864500e+00 8.312365026994353201e+00
8.449999999999864286e+00 8.078044802731096041e+00
8.459999999999864073e+00 7.844698047425728404e+00
8.469999999999863860e+00 7.612679509117332266e+00
8.479999999999863647e+00 7.382347619567345198e+00
8.489999999999863434e+00 7.154063793391541637e+00
8.499999999999863221e+00 6.928191704387563377e+00
8.509999999999863007e+00 6.705096540968305874e+00
8.519999999999862794e+00 6.485144242745090715e+00
8.529999999999862581e+00 6.268700720431452211e+00
8.539999999999862368e+00 6.056131061358158263e+00
8.549999999999862155e+00 5.847798723001303323e+00
8.559999999999861942e+00 5.644064717027509559e+00
8.569999999999861728e+00 5.445286786452483874e+00
8.579999999999861515e+00 5.251818578590429887e+00
8.589999999999861302e+00 5.064008816541699431e+00
8.599999999999861089e+00 4.882200472023657589e+00
8.609999999999860876e+00 4.706729942394471955e+00
8.619999999999860663e+00 4.537926234750978338e+00
8.629999999999860449e+00 4.376110159999354821e+00
8.639999999999860236e+00 4.221593539800709394e+00
8.649999999999860023e+00 4.074678429282650782e+00
8.659999999999859810e+00 3.935656358382102926e+00
8.669999999999859597e+00 3.804807594644214142e+00
8.679999999999859384e+00 3.682400430246878020e+00
8.689999999999859170e+00 3.568690495950612274e+00
8.699999999999858957e+00 3.463920104589191418e+00
8.709999999999858744e+00 3.368317626618082095e+00
8.719999999999858531e+00 3.282096900125664796e+00
8.729999999999858318e+00 3.205456677587024128e+00
8.739999999999858105e+00 3.138580111502315528e+00
8.749999999999857891e+00 3.081634280912134205e+00
8.759999999999857678e+00 3.034769760621697454e+00
8.769999999999857465e+00 2.998120234794844130e+00
8.779999999999857252e+00 2.971802156398902106e+00
8.789999999999857039e+00 2.955914453793297980e+00
8.799999999999856826e+00 2.950538285559543006e+00
8.809999999999856612e+00 2.955736844469063929e+00
8.819999999999856399e+00 2.971555211279353959e+00
8.829999999999856186e+00 2.998020258839471097e+00
8.839999999999855973e+00 3.035140606774090255e+00
8.849999999999855760e+00 3.082906626802494721e+00
8.859999999999855547e+00 3.141290498536291942e+00
8.869999999999855333e+00 3.210246315388520344e+00
8.879999999999855120e+00 3.289710240018422382e+00
8.889999999999854907e+00 3.379600708531738551e+00
8.899999999999854694e+00 3.479818682457076928e+00
8.909999999999854481e+00 3.590247947325897915e+00
8.919999999999854268e+00 3.710755456498008531e+00
8.929999999999854055e+00 3.841191718697253066e+00
8.939999999999853841e+00 3.981391227554164747e+00
8.949999999999853628e+00 4.131172931294769590e+00
8.959999999999853415e+00 4.290340740568152178e+00
8.969999999999853202e+00 4.458684072270624021e+00
8.979999999999852989e+00 4.635978427101965949e+00
8.989999999999852776e+00 4.821985998479806135e+00
8.999999999999852562e+00 5.016456310342165104e+00
9.009999999999852349e+00 5.219126881285911068e+00
9.019999999999852136e+00 5.429723912420547194e+00
9.029999999999851923e+00 5.647962996262533508e+00
9.039999999999851710e+00 5.873549843955335525e+00
9.049999999999851497e+00 6.106181028074404438e+00
9.059999999999851283e+00 6.345544738264413454e+00
9.069999999999851070e+00 6.591321546957746413e+00
9.079999999999850857e+00 6.843185182438448422e+00
9.089999999999850644e+00 7.100803306544060334e+00
9.099999999999850431e+00 7.363838294338378887e+00
9.109999999999850218e+00 7.631948013140926079e+00
9.119999999999850004e+00 7.904786598362917971e+00
9.129999999999849791e+00 8.182005223674243766e+00
9.139999999999849578e+00 8.463252863110673374e+00
9.149999999999849365e+00 8.748177042824332617e+00
9.159999999999849152e+00 9.036424580282872654e+00
9.169999999999848939e+00 9.327642308832480467e+00
9.179999999999848725e+00 9.621477785656480819e+00
9.189999999999848512e+00 9.917579981283671131e+00
9.199999999999848299e+00 1.021559994892785816e+01
9.209999999999848086e+00 1.051519147207148741e+01
9.219999999999847873e+00 1.081601168884089859e+01
9.229999999999847660e+00 1.111772169185776171e+01
9.239999999999847446e+00 1.141998710238970638e+01
9.249999999999847233e+00 1.172247861776235567e+01
9.259999999999847020e+00 1.202487253113411647e+01
9.269999999999846807e+00 1.232685122287322699e+01
9.279999999999846594e+00 1.262810362291328481e+01
9.289999999999846381e+00 1.292832564359777869e+01
9.299999999999846167e+00 1.322722058265576095e+01
9.309999999999845954e+00 1.352449949607866664e+01
9.319999999999845741e+00 1.381988154079230391e+01
9.329999999999845528e+00 1.411309428713745362e+01
9.339999999999845315e+00 1.440387400128699724e+01
9.349999999999845102e+00 1.469196589783652485e+01
9.359999999999844889e+00 1.497712436290881399e+01
9.369999999999844675e+00 1.525911314820989695e+01
9.379999999999844462e+00 1.553770553656562114e+01
9.389999999999844249e+00 1.581268447955238798e+01
9.399999999999844036e+00 1.608384270791366433e+01
9.409999999999843823e+00 1.635098281552571109e+01
9.419999999999843610e+00 1.661391731774047287e+01
9.429999999999843396e+00 1.687246868499173402e+01
9.439999999999843183e+00 1.712646935260201531e+01
9.449999999999842970e+00 1.737576170777240492e+01
9.459999999999842757e+00 1.762019805477582324e+01
9.469999999999842544e+00 1.785964055940603146e+01
9.479999999999842331e+00 1.809396117376024549e+01
9.489999999999842117e+00 1.832304154245316141e+01
9.499999999999841904e+00 1.854677289137363161e+01
9.509999999999841691e+00 1.876505590010385660e+01
9.519999999999841478e+00 1.897780055912374308e+01
9.529999999999841265e+00 1.918492601292103217e+01
9.539999999999841052e+00 1.938636039012109791e+01
9.549999999999840838e+00 1.958204062173897597e+01
9.559999999999840625e+00 1.977191224864070662e+01
9.569999999999840412e+00 1.995592921928206209e+01
9.579999999999840199e+00 2.013405367876956831e+01
9.589999999999839986e+00 2.030625575026313001e+01
9.599999999999839773e+00 2.047251330971029049e+01
9.609999999999839559e+00 2.063281175487081143e+01
9.619999999999839346e+00 2.078714376955647225e+01
9.629999999999839133e+00 2.093550908397488897e+01
9.639999999999838920e+00 2.107791423202889547e+01
9.649999999999838707e+00 2.121437230638382943e+01
9.659999999999838494e+00 2.134490271207504364e+01
9.669999999999838280e+00 2.146953091938670610e+01
9.679999999999838067e+00 2.158828821669151310e+01
9.689999999999837854e+00 2.170121146389843858e+01
9.699999999999837641e+00 2.180834284711369264e+01
9.709999999999837428e+00 2.190972963507743998e+01
9.719999999999837215e+00 2.200542393789696760e+01
9.729999999999837001e+00 2.209548246855501219e+01
9.739999999999836788e+00 2.217996630763124699e+01
9.749999999999836575e+00 2.225894067163414292e+01
9.759999999999836362e+00 2.233247468530118596e+01
9.769999999999836149e+00 2.240064115818688961e+01
9.779999999999835936e+00 2.246351636582058831e+01
9.789999999999835723e+00 2.252117983568007986e+01
9.799999999999835509e+00 2.257371413819227968e+01
9.809999999999835296e+00 2.262120468293869635e+01
9.819999999999835083e+00 2.266373952021185545e+01
9.829999999999834870e+00 2.270140914803824828e+01
9.839999999999834657e+00 2.273430632475490398e+01
9.849999999999834444e+00 2.276252588719950865e+01
9.859999999999834230e+00 2.278616457454862854e+01
9.869999999999834017e+00 2.280532085781502616e+01
9.879999999999833804e+00 2.282009477499280337e+01
9.889999999999833591e+00 2.283058777181923205e+01
9.899999999999833378e+00 2.283690254810311870e+01
9.909999999999833165e+00 2.283914290955317128e+01
9.919999999999832951e+00 2.283741362502415839e+01
9.929999999999832738e+00 2.283182028908550620e+01
9.939999999999832525e+00 2.282246918980480288e+01
9.949999999999832312e+00 2.280946718162851283e+01
9.959999999999832099e+00 2.279292156323340635e+01
9.969999999999831886e+00 2.277293996021474953e+01
9.979999999999831672e+00 2.274963021247174311e+01
9.989999999999831459e+00 2.272310026614610834e+01
9.999999999999831246e+00 2.269345806996655668e+01
