# n b_n
0.000000000000000000e+00 5.684832773426215624e+00
1.000000000000000000e+00 3.485851542446152251e-01
2.000000000000000000e+00 2.329745415109567119e+00
3.000000000000000000e+00 1.380669749427196891e+01
4.000000000000000000e+00 2.804787716765762084e+01
5.000000000000000000e+00 3.981847235680573505e+01
6.000000000000000000e+00 5.337081626119152844e+01
7.000000000000000000e+00 6.517664235435893261e+01
8.000000000000000000e+00 7.859172915899431189e+01
9.000000000000000000e+00 9.041795923608485452e+01
1.000000000000000000e+01 1.037764711726722737e+02
1.100000000000000000e+01 1.156155777286816431e+02
1.200000000000000000e+01 1.289439582017203065e+02
1.300000000000000000e+01 1.407917531373852569e+02
1.400000000000000000e+01 1.541016025823069242e+02
1.500000000000000000e+01 1.659544026373270924e+02
1.600000000000000000e+01 1.792447995098440003e+02
1.700000000000000000e+01 1.910654987333577708e+02
1.800000000000000000e+01 2.041968136485027401e+02
1.900000000000000000e+01 2.155216042338295210e+02
2.000000000000000000e+01 2.273242722294249631e+02
2.100000000000000000e+01 2.358982496118816812e+02
2.200000000000000000e+01 2.432546961377591401e+02
2.300000000000000000e+01 2.463533479389242871e+02
2.400000000000000000e+01 2.485954198662562931e+02
2.500000000000000000e+01 2.481378328797451331e+02
2.600000000000000000e+01 2.485961545740972838e+02
2.700000000000000000e+01 2.475956815847792143e+02
2.800000000000000000e+01 2.480716479168168291e+02
2.900000000000000000e+01 2.472283726099019532e+02
3.000000000000000000e+01 2.478219204685056809e+02
3.100000000000000000e+01 2.470322515931469241e+02
3.200000000000000000e+01 2.476272676930389878e+02
3.300000000000000000e+01 2.468159959673876074e+02
3.400000000000000000e+01 2.473794001658804120e+02
3.500000000000000000e+01 2.465413213212922585e+02
3.600000000000000000e+01 2.470853025125342697e+02
3.700000000000000000e+01 2.462414044671015176e+02
3.800000000000000000e+01 2.467928958830672457e+02
3.900000000000000000e+01 2.459734252105475889e+02
4.000000000000000000e+01 2.465666519635273630e+02
4.100000000000000000e+01 2.458088179753833344e+02
4.200000000000000000e+01 2.464843342084544133e+02
4.300000000000000000e+01 2.458291448787482523e+02
4.400000000000000000e+01 2.466249871266527975e+02
4.500000000000000000e+01 2.460992611958283760e+02
4.600000000000000000e+01 2.470210142096579489e+02
4.700000000000000000e+01 2.465949984948342433e+02
4.800000000000000000e+01 2.475656226282073362e+02
4.900000000000000000e+01 2.471080120578196215e+02
5.000000000000000000e+01 2.479503237248654841e+02
5.100000000000000000e+01 2.472646640362738708e+02
5.200000000000000000e+01 2.478091110305994107e+02
5.300000000000000000e+01 2.468043244028017114e+02
5.400000000000000000e+01 2.470790815214073461e+02
5.500000000000000000e+01 2.459138008885701367e+02
5.600000000000000000e+01 2.461876980993131099e+02
5.700000000000000000e+01 2.451959772788812018e+02
5.800000000000000000e+01 2.458147293604656340e+02
5.900000000000000000e+01 2.452966154267225818e+02
6.000000000000000000e+01 2.464515668230346250e+02
6.100000000000000000e+01 2.464120164066523273e+02
6.200000000000000000e+01 2.478418882438503488e+02
6.300000000000000000e+01 2.477168627848970175e+02
6.400000000000000000e+01 2.486392561297913630e+02
6.500000000000000000e+01 2.476741193600666406e+02
6.600000000000000000e+01 2.476985007977592659e+02
6.700000000000000000e+01 2.461047222066069367e+02
6.800000000000000000e+01 2.460229300898687086e+02
6.900000000000000000e+01 2.448963278585160879e+02
7.000000000000000000e+01 2.457296419958503577e+02
7.100000000000000000e+01 2.456734323373320308e+02
7.200000000000000000e+01 2.473491440679628113e+02
7.300000000000000000e+01 2.474920398694375763e+02
7.400000000000000000e+01 2.485113971573815093e+02
7.500000000000000000e+01 2.473333768867446167e+02
7.600000000000000000e+01 2.470110458805726523e+02
7.700000000000000000e+01 2.451972377457359755e+02
7.800000000000000000e+01 2.453487187825947160e+02
7.900000000000000000e+01 2.449576363684209355e+02
8.000000000000000000e+01 2.468580748680740555e+02
8.100000000000000000e+01 2.476154002182820477e+02
8.200000000000000000e+01 2.492536011808336696e+02
8.300000000000000000e+01 2.482291353097499211e+02
8.400000000000000000e+01 2.475645792104361362e+02
8.500000000000000000e+01 2.452198603386305535e+02
8.600000000000000000e+01 2.451208081038290345e+02
8.700000000000000000e+01 2.448728095965826412e+02
8.800000000000000000e+01 2.470836405718261801e+02
8.900000000000000000e+01 2.477463577641933909e+02
9.000000000000000000e+01 2.486348875856110396e+02
9.100000000000000000e+01 2.465895646537387620e+02
9.200000000000000000e+01 2.455869050455729052e+02
9.300000000000000000e+01 2.441393690330675668e+02
9.400000000000000000e+01 2.459466884683389480e+02
9.500000000000000000e+01 2.474071469866042037e+02
9.600000000000000000e+01 2.497091048120156813e+02
9.700000000000000000e+01 2.484319556568145799e+02
9.800000000000000000e+01 2.470104480289158744e+02
9.900000000000000000e+01 2.444716324870894653e+02
1.000000000000000000e+02 2.454236332666517058e+02
1.010000000000000000e+02 2.466031347806786869e+02
1.020000000000000000e+02 2.489537980916719278e+02
1.030000000000000000e+02 2.475709889512447148e+02
1.040000000000000000e+02 2.459816602106676271e+02
1.050000000000000000e+02 2.436765839302101142e+02
1.060000000000000000e+02 2.454976948912976127e+02
1.070000000000000000e+02 2.475395130483697983e+02
1.080000000000000000e+02 2.498505416002004722e+02
1.090000000000000000e+02 2.475940802566497609e+02
1.100000000000000000e+02 2.456827281980614259e+02
1.110000000000000000e+02 2.443229854307828646e+02
1.120000000000000000e+02 2.472784851540829152e+02
1.130000000000000000e+02 2.486318111487988176e+02
1.140000000000000000e+02 2.484907811254767580e+02
1.150000000000000000e+02 2.449070554665518955e+02
1.160000000000000000e+02 2.448991756216216515e+02
1.170000000000000000e+02 2.468343717380909652e+02
1.180000000000000000e+02 2.505924150115920099e+02
1.190000000000000000e+02 2.491576927570000066e+02
