# n   bn
0.000000000000000000e+00 1.663788488538362614e-02
1.000000000000000000e+00 4.144540434056756872e+00
2.000000000000000000e+00 6.834696331999039476e-01
3.000000000000000000e+00 5.305282013838693800e+00
4.000000000000000000e+00 3.057263358234984185e+00
5.000000000000000000e+00 9.294630778646256530e+00
6.000000000000000000e+00 2.513502615823739461e+00
7.000000000000000000e+00 1.140854278207120132e+01
8.000000000000000000e+00 8.088795191158348885e+00
9.000000000000000000e+00 1.184419678265204467e+01
1.000000000000000000e+01 8.873337314124873032e+00
1.100000000000000000e+01 1.421841528501187923e+01
1.200000000000000000e+01 1.435188446460474410e+01
1.300000000000000000e+01 1.572045080923042804e+01
1.400000000000000000e+01 1.251430168034217161e+01
1.500000000000000000e+01 2.297184444307213269e+01
1.600000000000000000e+01 1.505419218225333466e+01
1.700000000000000000e+01 2.404848707858247536e+01
1.800000000000000000e+01 1.608457337174892032e+01
1.900000000000000000e+01 3.055386195563827911e+01
2.000000000000000000e+01 1.840262624368148892e+01
2.100000000000000000e+01 2.962801522980957358e+01
2.200000000000000000e+01 2.415929136911459452e+01
2.300000000000000000e+01 3.313745779649207890e+01
2.400000000000000000e+01 2.661231739905325355e+01
2.500000000000000000e+01 3.253103026778509843e+01
2.600000000000000000e+01 3.285796831412807251e+01
2.700000000000000000e+01 3.680973425658145004e+01
2.800000000000000000e+01 3.209976927685069370e+01
2.900000000000000000e+01 4.034867709537027025e+01
3.000000000000000000e+01 3.649587623922703017e+01
3.100000000000000000e+01 4.445229858762501607e+01
3.200000000000000000e+01 3.640834104764596901e+01
3.300000000000000000e+01 4.715428473691376610e+01
3.400000000000000000e+01 4.358507801950580784e+01
3.500000000000000000e+01 4.718413979136107628e+01
3.600000000000000000e+01 4.669151996786192882e+01
3.700000000000000000e+01 4.897591817703693806e+01
3.800000000000000000e+01 5.366442371369632980e+01
3.900000000000000000e+01 4.991720509510976456e+01
4.000000000000000000e+01 5.446337868436765461e+01
4.100000000000000000e+01 5.586406055592224362e+01
4.200000000000000000e+01 5.734805003602293993e+01
4.300000000000000000e+01 5.947703787671822084e+01
4.400000000000000000e+01 5.692843960763782718e+01
4.500000000000000000e+01 6.592245899586110625e+01
4.600000000000000000e+01 6.061394083170071667e+01
4.700000000000000000e+01 6.723995781659581894e+01
4.800000000000000000e+01 6.330770367370976004e+01
4.900000000000000000e+01 7.135787802203839192e+01
