# n b_n
0.000000000000000000e+00 5.694022527001608935e+00
1.000000000000000000e+00 3.895057182802464935e-01
2.000000000000000000e+00 2.744670583464265068e+00
3.000000000000000000e+00 1.726852999436141189e+01
4.000000000000000000e+00 3.500943886742222588e+01
5.000000000000000000e+00 4.980269601596819484e+01
6.000000000000000000e+00 6.666616438454724403e+01
7.000000000000000000e+00 8.150619349808388847e+01
8.000000000000000000e+00 9.819266888042935193e+01
9.000000000000000000e+00 1.130609546975258155e+02
1.000000000000000000e+01 1.296733817427952431e+02
1.100000000000000000e+01 1.445595807306325469e+02
1.200000000000000000e+01 1.611284055285937598e+02
1.300000000000000000e+01 1.760039093518365405e+02
1.400000000000000000e+01 1.924279677967131192e+02
1.500000000000000000e+01 2.068371627667329733e+02
1.600000000000000000e+01 2.217962729836199287e+02
1.700000000000000000e+01 2.328753503626381303e+02
1.800000000000000000e+01 2.420846667956025158e+02
1.900000000000000000e+01 2.459052623828252138e+02
2.000000000000000000e+01 2.484055890364963091e+02
2.100000000000000000e+01 2.478065482536121635e+02
2.200000000000000000e+01 2.483162429439941548e+02
2.300000000000000000e+01 2.472674607781644056e+02
2.400000000000000000e+01 2.478975805823884855e+02
2.500000000000000000e+01 2.470488485905331970e+02
2.600000000000000000e+01 2.477829787176604839e+02
2.700000000000000000e+01 2.469607910828869137e+02
2.800000000000000000e+01 2.476644000071708547e+02
2.900000000000000000e+01 2.468011280508123377e+02
3.000000000000000000e+01 2.474575640888677412e+02
3.100000000000000000e+01 2.465625473115134696e+02
3.200000000000000000e+01 2.471944309431560498e+02
3.300000000000000000e+01 2.462933420143042156e+02
3.400000000000000000e+01 2.469285325463853553e+02
3.500000000000000000e+01 2.460489414216482373e+02
3.600000000000000000e+01 2.467173829709092843e+02
3.700000000000000000e+01 2.458903196362360006e+02
3.800000000000000000e+01 2.466257594914849847e+02
3.900000000000000000e+01 2.458843890446325986e+02
4.000000000000000000e+01 2.467176357878380770e+02
4.100000000000000000e+01 2.460831041675608617e+02
4.200000000000000000e+01 2.470191035038515963e+02
4.300000000000000000e+01 2.464690587596556668e+02
4.400000000000000000e+01 2.474504877737224717e+02
4.500000000000000000e+01 2.468867004895780326e+02
4.600000000000000000e+01 2.477805228884629685e+02
4.700000000000000000e+01 2.470521904555991171e+02
4.800000000000000000e+01 2.477225357792885916e+02
4.900000000000000000e+01 2.467457892125819683e+02
5.000000000000000000e+01 2.471946360898753028e+02
5.100000000000000000e+01 2.460713535964986818e+02
5.200000000000000000e+01 2.464927860511374433e+02
5.300000000000000000e+01 2.454786035842827232e+02
5.400000000000000000e+01 2.461481361700940056e+02
5.500000000000000000e+01 2.454886883076055710e+02
5.600000000000000000e+01 2.465691254123198632e+02
5.700000000000000000e+01 2.462844299197356861e+02
5.800000000000000000e+01 2.475983952632128648e+02
5.900000000000000000e+01 2.472906975884195901e+02
6.000000000000000000e+01 2.482767718796865211e+02
6.100000000000000000e+01 2.473814470216998131e+02
6.200000000000000000e+01 2.477003189208816423e+02
6.300000000000000000e+01 2.462866146573602180e+02
6.400000000000000000e+01 2.464427379316838369e+02
6.500000000000000000e+01 2.452916241557547607e+02
6.600000000000000000e+01 2.460759894398938457e+02
6.700000000000000000e+01 2.457129140332858697e+02
6.800000000000000000e+01 2.471687083540576282e+02
6.900000000000000000e+01 2.470487317952292301e+02
7.000000000000000000e+01 2.481448790041956727e+02
7.100000000000000000e+01 2.471414075399481760e+02
7.200000000000000000e+01 2.472400187310961712e+02
7.300000000000000000e+01 2.456417650713258638e+02
7.400000000000000000e+01 2.459139778075403910e+02
7.500000000000000000e+01 2.452287813999672323e+02
7.600000000000000000e+01 2.467661304087471024e+02
7.700000000000000000e+01 2.470410962422425030e+02
7.800000000000000000e+01 2.486221915299429384e+02
7.900000000000000000e+01 2.478221919342486217e+02
8.000000000000000000e+01 2.477594163908146356e+02
8.100000000000000000e+01 2.457614360184536508e+02
8.200000000000000000e+01 2.457551233552904648e+02
8.300000000000000000e+01 2.450514913283003011e+02
8.400000000000000000e+01 2.467857176322250439e+02
8.500000000000000000e+01 2.470947422750114981e+02
8.600000000000000000e+01 2.483191739649116130e+02
8.700000000000000000e+01 2.468494381327280962e+02
8.800000000000000000e+01 2.464065174356258296e+02
8.900000000000000000e+01 2.447890601944786226e+02
9.000000000000000000e+01 2.459901215415278273e+02
9.100000000000000000e+01 2.466133539368119045e+02
9.200000000000000000e+01 2.488225792466133157e+02
9.300000000000000000e+01 2.481361473202516379e+02
9.400000000000000000e+01 2.476549554269788018e+02
9.500000000000000000e+01 2.452625743118898924e+02
9.600000000000000000e+01 2.456433379736604365e+02
9.700000000000000000e+01 2.458629867263508118e+02
9.800000000000000000e+01 2.481337623247237332e+02
9.900000000000000000e+01 2.475630391745380905e+02
1.000000000000000000e+02 2.470673197773627976e+02
1.010000000000000000e+02 2.446972288819851542e+02
1.020000000000000000e+02 2.454951263836174178e+02
1.030000000000000000e+02 2.463546929844687554e+02
1.040000000000000000e+02 2.489326747337561585e+02
1.050000000000000000e+02 2.479445021152564834e+02
1.060000000000000000e+02 2.469274407207530260e+02
1.070000000000000000e+02 2.447197097233776617e+02
1.080000000000000000e+02 2.462924456735697731e+02
1.090000000000000000e+02 2.473222028953601921e+02
1.100000000000000000e+02 2.487251404082911961e+02
1.110000000000000000e+02 2.462786674667431157e+02
1.120000000000000000e+02 2.455211807319910804e+02
1.130000000000000000e+02 2.453750236706517001e+02
1.140000000000000000e+02 2.486750946616164413e+02
1.150000000000000000e+02 2.489699389826161564e+02
1.160000000000000000e+02 2.483485477107917347e+02
1.170000000000000000e+02 2.458200448319391569e+02
1.180000000000000000e+02 2.475748970084635516e+02
1.190000000000000000e+02 2.490736468541790316e+02
