# n   bn
0.000000000000000000e+00 2.116361452372925307e+127
1.000000000000000000e+00 6.815930439376186811e+00
2.000000000000000000e+00 9.662567436553221256e+00
3.000000000000000000e+00 1.183928320758054831e+01
4.000000000000000000e+00 1.366698943529933175e+01
5.000000000000000000e+00 1.526815463173157106e+01
6.000000000000000000e+00 1.670713505027688583e+01
7.000000000000000000e+00 1.802170424587259845e+01
8.000000000000000000e+00 1.923699363619937586e+01
9.000000000000000000e+00 2.037027363721435691e+01
1.000000000000000000e+01 2.143435176172948076e+01
1.100000000000000000e+01 2.243880241709584311e+01
1.200000000000000000e+01 2.339118730129681367e+01
1.300000000000000000e+01 2.429746534163916394e+01
1.400000000000000000e+01 2.516254083041351208e+01
1.500000000000000000e+01 2.599042105902816857e+01
1.600000000000000000e+01 2.678450154374122150e+01
1.700000000000000000e+01 2.754763094029366144e+01
1.800000000000000000e+01 2.828227599920526103e+01
1.900000000000000000e+01 2.899054803701305971e+01
2.000000000000000000e+01 2.967430645527117505e+01
2.100000000000000000e+01 3.033516775448916292e+01
2.200000000000000000e+01 3.097457508588589548e+01
2.300000000000000000e+01 3.159379865173714563e+01
2.400000000000000000e+01 3.219398542348712056e+01
2.500000000000000000e+01 3.277615483712162359e+01
2.600000000000000000e+01 3.334123656992026241e+01
2.700000000000000000e+01 3.389006324618082289e+01
2.800000000000000000e+01 3.442340102610253183e+01
2.900000000000000000e+01 3.494193997457181666e+01
3.000000000000000000e+01 3.544632055796626702e+01
3.100000000000000000e+01 3.593712175696972366e+01
3.200000000000000000e+01 3.641488567450961966e+01
3.300000000000000000e+01 3.688010311612537606e+01
3.400000000000000000e+01 3.733323804834254389e+01
3.500000000000000000e+01 3.777471009611867458e+01
3.600000000000000000e+01 3.820492039192204459e+01
3.700000000000000000e+01 3.862423017914436230e+01
3.800000000000000000e+01 3.903298957949579773e+01
3.900000000000000000e+01 3.943151119850368502e+01
4.000000000000000000e+01 3.982010348083773010e+01
4.100000000000000000e+01 4.019903785082703962e+01
4.200000000000000000e+01 4.056858862017008249e+01
4.300000000000000000e+01 4.092899172166080035e+01
4.400000000000000000e+01 4.128049360348421715e+01
4.500000000000000000e+01 4.162329897605377482e+01
4.600000000000000000e+01 4.195763181820988308e+01
4.700000000000000000e+01 4.228366868370998333e+01
4.800000000000000000e+01 4.260161593386703061e+01
4.900000000000000000e+01 4.291162393908506090e+01
