# n   bn
0.000000000000000000e+00 3.343797201889341146e+29
1.000000000000000000e+00 5.397931811048771955e+00
2.000000000000000000e+00 8.632872675917017347e+00
3.000000000000000000e+00 1.067584582236423429e+01
4.000000000000000000e+00 1.269645537965759274e+01
5.000000000000000000e+00 1.424807137309947969e+01
6.000000000000000000e+00 1.584278910497019233e+01
7.000000000000000000e+00 1.714587679188873892e+01
8.000000000000000000e+00 1.850419488657841072e+01
9.000000000000000000e+00 1.965020157786193877e+01
1.000000000000000000e+01 2.085301411825039608e+01
1.100000000000000000e+01 2.188811572451167820e+01
1.200000000000000000e+01 2.297874591710497327e+01
1.300000000000000000e+01 2.393011032878614941e+01
1.400000000000000000e+01 2.493493348655926667e+01
1.500000000000000000e+01 2.582014909623776688e+01
1.600000000000000000e+01 2.675662181492655378e+01
1.700000000000000000e+01 2.758785097136814812e+01
1.800000000000000000e+01 2.846823020492686140e+01
1.900000000000000000e+01 2.925429953280969286e+01
2.000000000000000000e+01 3.008757949455979741e+01
2.100000000000000000e+01 3.083513627950624780e+01
2.200000000000000000e+01 3.162814686197356551e+01
2.300000000000000000e+01 3.234234587886079737e+01
2.400000000000000000e+01 3.310041738611772644e+01
2.500000000000000000e+01 3.378535210913929632e+01
2.600000000000000000e+01 3.451273872272198417e+01
2.700000000000000000e+01 3.517172440013001733e+01
2.800000000000000000e+01 3.587188541864976088e+01
2.900000000000000000e+01 3.650765184519735129e+01
3.000000000000000000e+01 3.718344502261999907e+01
3.100000000000000000e+01 3.779827191264485720e+01
3.200000000000000000e+01 3.845209028910542770e+01
3.300000000000000000e+01 3.904790485709962411e+01
3.400000000000000000e+01 3.968177603201630887e+01
3.500000000000000000e+01 4.026022492534819008e+01
3.600000000000000000e+01 4.087588462289607349e+01
3.700000000000000000e+01 4.143838791458422577e+01
3.800000000000000000e+01 4.203733525338907384e+01
3.900000000000000000e+01 4.258512677632745635e+01
4.000000000000000000e+01 4.316866375312430648e+01
4.100000000000000000e+01 4.370281382385878288e+01
4.200000000000000000e+01 4.427205249347627358e+01
4.300000000000000000e+01 4.479342496235668136e+01
4.400000000000000000e+01 4.534914584415147232e+01
4.500000000000000000e+01 4.585803143975533658e+01
4.600000000000000000e+01 4.639987359835890857e+01
4.700000000000000000e+01 4.689435388782990088e+01
4.800000000000000000e+01 4.741782041589036112e+01
4.900000000000000000e+01 4.788882675655922583e+01
