# n b_n
0.000000000000000000e+00 5.671441555794288547e+00
1.000000000000000000e+00 3.021265354950860571e-01
2.000000000000000000e+00 1.887339748269657447e+00
3.000000000000000000e+00 1.034507785952312631e+01
4.000000000000000000e+00 2.108200639557220057e+01
5.000000000000000000e+00 2.983619859396557317e+01
6.000000000000000000e+00 4.007182591719514875e+01
7.000000000000000000e+00 4.884941028657733142e+01
8.000000000000000000e+00 5.898739771558332734e+01
9.000000000000000000e+00 6.777742982904858593e+01
1.000000000000000000e+01 7.787626838353183700e+01
1.100000000000000000e+01 8.667365789316430380e+01
1.200000000000000000e+01 9.675230297027103177e+01
1.300000000000000000e+01 1.055543302519935480e+02
1.400000000000000000e+01 1.156211014187019117e+02
1.500000000000000000e+01 1.244261667411959849e+02
1.600000000000000000e+01 1.344853845451931136e+02
1.700000000000000000e+01 1.432924788215748322e+02
1.800000000000000000e+01 1.533466397218396935e+02
1.900000000000000000e+01 1.621550653118018772e+02
2.000000000000000000e+01 1.722055420263379233e+02
2.100000000000000000e+01 1.810137584569263538e+02
2.200000000000000000e+01 1.910562644087556521e+02
2.300000000000000000e+01 1.998415686922108137e+02
2.400000000000000000e+01 2.097969455141582671e+02
2.500000000000000000e+01 2.183199708023482515e+02
2.600000000000000000e+01 2.275978689074868271e+02
2.700000000000000000e+01 2.346828391495960489e+02
2.800000000000000000e+01 2.414690795673648722e+02
2.900000000000000000e+01 2.450888340358606570e+02
3.000000000000000000e+01 2.480435736795753314e+02
3.100000000000000000e+01 2.483285940163636667e+02
3.200000000000000000e+01 2.490255296499600490e+02
3.300000000000000000e+01 2.481617543988610635e+02
3.400000000000000000e+01 2.484758251512299978e+02
3.500000000000000000e+01 2.476015205624495650e+02
3.600000000000000000e+01 2.480154051602775098e+02
3.700000000000000000e+01 2.472317390994053312e+02
3.800000000000000000e+01 2.476964378023539552e+02
3.900000000000000000e+01 2.469275340964090901e+02
4.000000000000000000e+01 2.473861011890502084e+02
4.100000000000000000e+01 2.466011624393879629e+02
4.200000000000000000e+01 2.470447925526293034e+02
4.300000000000000000e+01 2.462504391185229906e+02
4.400000000000000000e+01 2.466971531395016370e+02
4.500000000000000000e+01 2.459198582300061275e+02
4.600000000000000000e+01 2.464039041127837208e+02
4.700000000000000000e+01 2.456849623715201290e+02
4.800000000000000000e+01 2.462547712482753184e+02
4.900000000000000000e+01 2.456481331395914367e+02
5.000000000000000000e+01 2.463601418541685462e+02
5.100000000000000000e+01 2.459172337549544238e+02
5.200000000000000000e+01 2.468058167876711195e+02
5.300000000000000000e+01 2.465253333555127995e+02
5.400000000000000000e+01 2.475316104169183120e+02
5.500000000000000000e+01 2.472771417098810787e+02
5.600000000000000000e+01 2.481822157981250712e+02
5.700000000000000000e+01 2.476747991950251162e+02
5.800000000000000000e+01 2.481972449172706661e+02
5.900000000000000000e+01 2.472340607028635873e+02
6.000000000000000000e+01 2.473261460430451564e+02
6.100000000000000000e+01 2.460515740885480795e+02
6.200000000000000000e+01 2.460324390866448994e+02
6.300000000000000000e+01 2.448799265501100706e+02
6.400000000000000000e+01 2.452239964238216885e+02
6.500000000000000000e+01 2.446425813953128170e+02
6.600000000000000000e+01 2.457111468124081171e+02
6.700000000000000000e+01 2.458894172644096159e+02
6.800000000000000000e+01 2.475718610567091673e+02
6.900000000000000000e+01 2.479619283926163291e+02
7.000000000000000000e+01 2.492412482066489190e+02
7.100000000000000000e+01 2.485859585813111039e+02
7.200000000000000000e+01 2.484786194837238327e+02
7.300000000000000000e+01 2.466123077918768729e+02
7.400000000000000000e+01 2.459592925093671738e+02
7.500000000000000000e+01 2.444151209424992999e+02
7.600000000000000000e+01 2.448576339859453412e+02
7.700000000000000000e+01 2.448499296447866698e+02
7.800000000000000000e+01 2.467858643036244359e+02
7.900000000000000000e+01 2.476002741443678303e+02
8.000000000000000000e+01 2.491397875405852176e+02
8.100000000000000000e+01 2.482744747805228371e+02
8.200000000000000000e+01 2.476022640738783025e+02
8.300000000000000000e+01 2.452015604135357023e+02
8.400000000000000000e+01 2.445695939418864953e+02
8.500000000000000000e+01 2.438405415167024728e+02
8.600000000000000000e+01 2.458181027029914674e+02
8.700000000000000000e+01 2.473975607050615508e+02
8.800000000000000000e+01 2.499507597966258743e+02
8.900000000000000000e+01 2.495703377488858905e+02
9.000000000000000000e+01 2.485637360527081228e+02
9.100000000000000000e+01 2.454073158433298829e+02
9.200000000000000000e+01 2.443543567269077244e+02
9.300000000000000000e+01 2.438698417461220913e+02
9.400000000000000000e+01 2.464799597747912117e+02
9.500000000000000000e+01 2.481563531370452722e+02
9.600000000000000000e+01 2.495679225809930131e+02
9.700000000000000000e+01 2.472506180946391510e+02
9.800000000000000000e+01 2.451316571690110493e+02
9.900000000000000000e+01 2.428752958251379255e+02
1.000000000000000000e+02 2.446105934343176784e+02
1.010000000000000000e+02 2.471754468192709737e+02
1.020000000000000000e+02 2.506747410857767022e+02
1.030000000000000000e+02 2.497879008176986417e+02
1.040000000000000000e+02 2.473875441037296810e+02
1.050000000000000000e+02 2.438582645622508664e+02
1.060000000000000000e+02 2.446087686678961859e+02
1.070000000000000000e+02 2.468167808072878415e+02
1.080000000000000000e+02 2.500302388373032159e+02
1.090000000000000000e+02 2.483882334062577968e+02
1.100000000000000000e+02 2.453264699473080555e+02
1.110000000000000000e+02 2.421618025636741436e+02
1.120000000000000000e+02 2.444328993572177922e+02
1.130000000000000000e+02 2.480575860902783916e+02
1.140000000000000000e+02 2.510082759701196835e+02
1.150000000000000000e+02 2.478784792178018392e+02
1.160000000000000000e+02 2.447016651813700321e+02
1.170000000000000000e+02 2.437677822409162616e+02
1.180000000000000000e+02 2.482286696620465136e+02
1.190000000000000000e+02 2.503030632165187512e+02
