# n b_n
0.000000000000000000e+00 5.649179926027879439e+00
1.000000000000000000e+00 2.469914793081300630e-01
2.000000000000000000e+00 1.405002165543826509e+00
3.000000000000000000e+00 6.883709020004127765e+00
4.000000000000000000e+00 1.410957304345336638e+01
5.000000000000000000e+00 1.985681014043405312e+01
6.000000000000000000e+00 2.676737459815854692e+01
7.000000000000000000e+00 3.252558492316948247e+01
8.000000000000000000e+00 3.937804062645532355e+01
9.000000000000000000e+00 4.514049764218980698e+01
1.000000000000000000e+01 5.197129407676117552e+01
1.100000000000000000e+01 5.773541552885846073e+01
1.200000000000000000e+01 6.455605110902013166e+01
1.300000000000000000e+01 7.032059873538409533e+01
1.400000000000000000e+01 7.713596487053462170e+01
1.500000000000000000e+01 8.290028014109722676e+01
1.600000000000000000e+01 8.971282825587850596e+01
1.700000000000000000e+01 9.547653931986651799e+01
1.800000000000000000e+01 1.022876319025608041e+02
1.900000000000000000e+01 1.080505218719435589e+02
2.000000000000000000e+01 1.148609712555969082e+02
2.100000000000000000e+01 1.206229124677466586e+02
2.200000000000000000e+01 1.274332275243292116e+02
2.300000000000000000e+01 1.331941461307116867e+02
2.400000000000000000e+01 1.400046570454887842e+02
2.500000000000000000e+01 1.457645127891876484e+02
2.600000000000000000e+01 1.525754391034218997e+02
2.700000000000000000e+01 1.583342132103691426e+02
2.800000000000000000e+01 1.651457030558176768e+02
2.900000000000000000e+01 1.709033898881385767e+02
3.000000000000000000e+01 1.777155388357516301e+02
3.100000000000000000e+01 1.834721141825878306e+02
3.200000000000000000e+01 1.902848507003295708e+02
3.300000000000000000e+01 1.960397088127855341e+02
3.400000000000000000e+01 2.028506426242485361e+02
3.500000000000000000e+01 2.085951792291942866e+02
3.600000000000000000e+01 2.153771985416992152e+02
3.700000000000000000e+01 2.210359365706322023e+02
3.800000000000000000e+01 2.276055544544038582e+02
3.900000000000000000e+01 2.327945336233308637e+02
4.000000000000000000e+01 2.384743907605251536e+02
4.100000000000000000e+01 2.422170305217961470e+02
4.200000000000000000e+01 2.459163421115457027e+02
4.300000000000000000e+01 2.473849683771706225e+02
4.400000000000000000e+01 2.489186611600164554e+02
4.500000000000000000e+01 2.486817166152326877e+02
4.600000000000000000e+01 2.491215920880571844e+02
4.700000000000000000e+01 2.483277831451370048e+02
4.800000000000000000e+01 2.485702396640872394e+02
4.900000000000000000e+01 2.477569486995878663e+02
5.000000000000000000e+01 2.480432239880795464e+02
5.100000000000000000e+01 2.472739642104139079e+02
5.200000000000000000e+01 2.475889415167263792e+02
5.300000000000000000e+01 2.468281088484115173e+02
5.400000000000000000e+01 2.471417390709829363e+02
5.500000000000000000e+01 2.463726453135004419e+02
5.600000000000000000e+01 2.466822557377304861e+02
5.700000000000000000e+01 2.459147861487930982e+02
5.800000000000000000e+01 2.462420079311788754e+02
5.900000000000000000e+01 2.455094689509277259e+02
6.000000000000000000e+01 2.459003580036124390e+02
6.100000000000000000e+01 2.452628053459056900e+02
6.200000000000000000e+01 2.457924175839564782e+02
6.300000000000000000e+01 2.453385365393753830e+02
6.400000000000000000e+01 2.461031675323208674e+02
6.500000000000000000e+01 2.459217771117687050e+02
6.600000000000000000e+01 2.469747039847120789e+02
6.700000000000000000e+01 2.470403632948286088e+02
6.800000000000000000e+01 2.482263270875608612e+02
6.900000000000000000e+01 2.482164632287613983e+02
7.000000000000000000e+01 2.490580785079085615e+02
7.100000000000000000e+01 2.484339101102890197e+02
7.200000000000000000e+01 2.484975719711696058e+02
7.300000000000000000e+01 2.471034469346780327e+02
7.400000000000000000e+01 2.465980427530194845e+02
7.500000000000000000e+01 2.449602287218389449e+02
7.600000000000000000e+01 2.445887226926874121e+02
7.700000000000000000e+01 2.434423458822218720e+02
7.800000000000000000e+01 2.438877127862067482e+02
7.900000000000000000e+01 2.438292064874958669e+02
8.000000000000000000e+01 2.455410718063592128e+02
8.100000000000000000e+01 2.466886388082980943e+02
8.200000000000000000e+01 2.491162682509391573e+02
8.300000000000000000e+01 2.499442709313772468e+02
8.400000000000000000e+01 2.507541007677982634e+02
8.500000000000000000e+01 2.490834424662907622e+02
8.600000000000000000e+01 2.475754669603752802e+02
8.700000000000000000e+01 2.447905300457380520e+02
8.800000000000000000e+01 2.437695184038567788e+02
8.900000000000000000e+01 2.428147248196433168e+02
9.000000000000000000e+01 2.444044226007442262e+02
9.100000000000000000e+01 2.460636686582140271e+02
9.200000000000000000e+01 2.491874812128440055e+02
9.300000000000000000e+01 2.501300684099724094e+02
9.400000000000000000e+01 2.500711942096161806e+02
9.500000000000000000e+01 2.469240274166809286e+02
9.600000000000000000e+01 2.443549943212706808e+02
9.700000000000000000e+01 2.417380273184338364e+02
9.800000000000000000e+01 2.424721922460749113e+02
9.900000000000000000e+01 2.445347662934424307e+02
1.000000000000000000e+02 2.491839942838606703e+02
1.010000000000000000e+02 2.516776244103407123e+02
1.020000000000000000e+02 2.519142478892062798e+02
1.030000000000000000e+02 2.477396897369022781e+02
1.040000000000000000e+02 2.441941106282343128e+02
1.050000000000000000e+02 2.418804753364742623e+02
1.060000000000000000e+02 2.443086670021018847e+02
1.070000000000000000e+02 2.479761072228332068e+02
1.080000000000000000e+02 2.516767687648907952e+02
1.090000000000000000e+02 2.498356687355363306e+02
1.100000000000000000e+02 2.454975819173959906e+02
1.110000000000000000e+02 2.404952110386375352e+02
1.120000000000000000e+02 2.407927779138034907e+02
1.130000000000000000e+02 2.447204745236568897e+02
1.140000000000000000e+02 2.512803362665982263e+02
1.150000000000000000e+02 2.524142359275703598e+02
1.160000000000000000e+02 2.486808169782958657e+02
1.170000000000000000e+02 2.427628877847193394e+02
1.180000000000000000e+02 2.428839406030516841e+02
1.190000000000000000e+02 2.474891756971502730e+02
