# n   bn
0.000000000000000000e+00 9.941011672366798987e-03
1.000000000000000000e+00 1.856496630597150421e+00
2.000000000000000000e+00 6.466831595792736920e-01
3.000000000000000000e+00 4.272227646131056211e+00
4.000000000000000000e+00 4.852408179347406758e+00
5.000000000000000000e+00 4.396177318924056721e+00
6.000000000000000000e+00 5.399191995491682050e+00
7.000000000000000000e+00 1.088787764899835686e+01
8.000000000000000000e+00 5.956329144644826989e+00
9.000000000000000000e+00 1.174653741878641888e+01
1.000000000000000000e+01 1.101479378823636424e+01
1.100000000000000000e+01 1.532209533569807647e+01
1.200000000000000000e+01 9.661428486665787574e+00
1.300000000000000000e+01 2.042953077261432782e+01
1.400000000000000000e+01 1.449120040758960926e+01
1.500000000000000000e+01 1.978654118428146802e+01
1.600000000000000000e+01 1.751109417049023520e+01
1.700000000000000000e+01 2.502277364394491244e+01
1.800000000000000000e+01 2.049540491686950716e+01
1.900000000000000000e+01 2.318490065794009070e+01
2.000000000000000000e+01 2.812213432235097699e+01
2.100000000000000000e+01 2.584308671376468780e+01
2.200000000000000000e+01 2.925462024414625262e+01
2.300000000000000000e+01 2.792145846099990081e+01
2.400000000000000000e+01 3.692988113262040883e+01
2.500000000000000000e+01 3.710712675332923993e+01
2.600000000000000000e+01 6.345358374213006414e+01
2.700000000000000000e+01 7.599567563429225459e+01
2.800000000000000000e+01 6.971081882578303635e+01
2.900000000000000000e+01 7.690276483616452197e+01
3.000000000000000000e+01 7.287248081702171021e+01
3.100000000000000000e+01 6.301734279679525486e+01
3.200000000000000000e+01 8.157247404502551547e+01
3.300000000000000000e+01 9.662687135320632592e+01
3.400000000000000000e+01 9.100684438167128576e+01
3.500000000000000000e+01 1.103436631164811104e+02
3.600000000000000000e+01 9.395342435563445349e+01
3.700000000000000000e+01 8.339785654123654979e+01
3.800000000000000000e+01 1.036829367861722062e+02
3.900000000000000000e+01 1.136468507076367160e+02
4.000000000000000000e+01 1.037066497673844054e+02
4.100000000000000000e+01 1.320724820791747334e+02
4.200000000000000000e+01 1.149623298228113981e+02
4.300000000000000000e+01 1.227316966028322440e+02
4.400000000000000000e+01 1.238875883479810227e+02
4.500000000000000000e+01 1.222772519924953087e+02
4.600000000000000000e+01 1.276417504315366074e+02
4.700000000000000000e+01 1.318686241197013089e+02
4.800000000000000000e+01 1.394444033817053992e+02
4.900000000000000000e+01 1.339274808934877115e+02
