# n b_n
0.000000000000000000e+00 5.599883393943741794e+00
1.000000000000000000e+00 1.750444070763188531e-01
2.000000000000000000e+00 8.537370600797369313e-01
3.000000000000000000e+00 3.422429987206169866e+00
4.000000000000000000e+00 7.125361170748565343e+00
5.000000000000000000e+00 9.882167226103849345e+00
6.000000000000000000e+00 1.345358779429186491e+01
7.000000000000000000e+00 1.620720805946353593e+01
8.000000000000000000e+00 1.976042935527217992e+01
9.000000000000000000e+00 2.250914000426811157e+01
1.000000000000000000e+01 2.605875801509406742e+01
1.100000000000000000e+01 2.880269807694623907e+01
1.200000000000000000e+01 3.235275466340284112e+01
1.300000000000000000e+01 3.509227435947882157e+01
1.400000000000000000e+01 3.864420259265592250e+01
1.500000000000000000e+01 4.137965391113579017e+01
1.600000000000000000e+01 4.493400226548744314e+01
1.700000000000000000e+01 4.766570081431623152e+01
1.800000000000000000e+01 5.122266275666583368e+01
1.900000000000000000e+01 5.395088398869907564e+01
2.000000000000000000e+01 5.751049614879651273e+01
2.100000000000000000e+01 6.023547942539467925e+01
2.200000000000000000e+01 6.379770578582208884e+01
2.300000000000000000e+01 6.651965975153451893e+01
2.400000000000000000e+01 7.008443061677161268e+01
2.500000000000000000e+01 7.280353817757979584e+01
2.600000000000000000e+01 7.637076928390511910e+01
2.700000000000000000e+01 7.908719181747210314e+01
2.800000000000000000e+01 8.265679404379427808e+01
2.900000000000000000e+01 8.537067485424708480e+01
3.000000000000000000e+01 8.894255922883982635e+01
3.100000000000000000e+01 9.165402635672086262e+01
3.200000000000000000e+01 9.522810661046267455e+01
3.300000000000000000e+01 9.793727511847903600e+01
3.400000000000000000e+01 1.015134689209426995e+02
3.500000000000000000e+01 1.042204427610318902e+02
3.600000000000000000e+01 1.077986722372491357e+02
3.700000000000000000e+01 1.105035457847799165e+02
3.800000000000000000e+01 1.140837376374828409e+02
3.900000000000000000e+01 1.167865969604356593e+02
4.000000000000000000e+01 1.203686823786104441e+02
4.100000000000000000e+01 1.230696062947986746e+02
4.200000000000000000e+01 1.266535207509639207e+02
4.300000000000000000e+01 1.293525817147333328e+02
4.400000000000000000e+01 1.329382647094741401e+02
4.500000000000000000e+01 1.356355295603142963e+02
4.600000000000000000e+01 1.392229243475469787e+02
4.700000000000000000e+01 1.419184549461167535e+02
4.800000000000000000e+01 1.455075082580026731e+02
4.900000000000000000e+01 1.482013620297447005e+02
5.000000000000000000e+01 1.517920238116253984e+02
5.100000000000000000e+01 1.544842542140184207e+02
5.200000000000000000e+01 1.580764773747019944e+02
5.300000000000000000e+01 1.607671343010341616e+02
5.400000000000000000e+01 1.643608744807828259e+02
5.500000000000000000e+01 1.670500046108098218e+02
5.600000000000000000e+01 1.706452199676532757e+02
5.700000000000000000e+01 1.733328670735679111e+02
5.800000000000000000e+01 1.769295180875610924e+02
5.900000000000000000e+01 1.796157233021410775e+02
6.000000000000000000e+01 1.832137725965169182e+02
6.100000000000000000e+01 1.858985746483718344e+02
6.200000000000000000e+01 1.894979868230040836e+02
6.300000000000000000e+01 1.921814222280969204e+02
6.400000000000000000e+01 1.957821636373412559e+02
6.500000000000000000e+01 1.984642665799203769e+02
6.600000000000000000e+01 2.020663040143159606e+02
6.700000000000000000e+01 2.047471021573032885e+02
6.800000000000000000e+01 2.083503875969129524e+02
6.900000000000000000e+01 2.110298527305863558e+02
7.000000000000000000e+01 2.146341709117742198e+02
7.100000000000000000e+01 2.173117795926648057e+02
7.200000000000000000e+01 2.209155631144673464e+02
7.300000000000000000e+01 2.235873264557311018e+02
7.400000000000000000e+01 2.271807731046895640e+02
7.500000000000000000e+01 2.298246246534293675e+02
7.600000000000000000e+01 2.333616266605095859e+02
7.700000000000000000e+01 2.358895712958328374e+02
7.800000000000000000e+01 2.392177183300512411e+02
7.900000000000000000e+01 2.413938865109522851e+02
8.000000000000000000e+01 2.441927458268916951e+02
8.100000000000000000e+01 2.456461148217526613e+02
8.200000000000000000e+01 2.475683984381095399e+02
8.300000000000000000e+01 2.480714033917757035e+02
8.400000000000000000e+01 2.490848301661827691e+02
8.500000000000000000e+01 2.488151597229520178e+02
8.600000000000000000e+01 2.492517553563656918e+02
8.700000000000000000e+01 2.485994242032624015e+02
8.800000000000000000e+01 2.488161775578289792e+02
8.900000000000000000e+01 2.480513715534315509e+02
9.000000000000000000e+01 2.482201818221413134e+02
9.100000000000000000e+01 2.474331952755179032e+02
9.200000000000000000e+01 2.475897626659455568e+02
9.300000000000000000e+01 2.467865752924431320e+02
9.400000000000000000e+01 2.469250903105046291e+02
9.500000000000000000e+01 2.460989865612245069e+02
9.600000000000000000e+01 2.462179096356541379e+02
9.700000000000000000e+01 2.453760105634979993e+02
9.800000000000000000e+01 2.454940339324048750e+02
9.900000000000000000e+01 2.446701381506077269e+02
1.000000000000000000e+02 2.448414492247741236e+02
1.010000000000000000e+02 2.441177170853519272e+02
1.020000000000000000e+02 2.444627286200726246e+02
1.030000000000000000e+02 2.440096470964742537e+02
1.040000000000000000e+02 2.447582309956214317e+02
1.050000000000000000e+02 2.448607586561868459e+02
1.060000000000000000e+02 2.463128738074343573e+02
1.070000000000000000e+02 2.471765141445102074e+02
1.080000000000000000e+02 2.492398223526296590e+02
1.090000000000000000e+02 2.502190508503994124e+02
1.100000000000000000e+02 2.515650255009961995e+02
1.110000000000000000e+02 2.509093852888715048e+02
1.120000000000000000e+02 2.500902613703327404e+02
1.130000000000000000e+02 2.474461763835210206e+02
1.140000000000000000e+02 2.454331806809109082e+02
1.150000000000000000e+02 2.425803259978064261e+02
1.160000000000000000e+02 2.411832922733987061e+02
1.170000000000000000e+02 2.395239929980706961e+02
1.180000000000000000e+02 2.398063276244926101e+02
1.190000000000000000e+02 2.403901403607508485e+02
