# n b_n
0.000000000000000000e+00 1.647896313818275615e+00
1.000000000000000000e+00 5.527492734756674908e-01
2.000000000000000000e+00 1.046570200477881851e+00
3.000000000000000000e+00 1.075505843495245806e+00
4.000000000000000000e+00 1.447353325333402996e+00
5.000000000000000000e+00 1.427420483311884425e+00
6.000000000000000000e+00 1.789132334760735743e+00
7.000000000000000000e+00 1.684457140390136498e+00
8.000000000000000000e+00 2.123365513034188190e+00
9.000000000000000000e+00 1.891727905941888777e+00
1.000000000000000000e+01 2.302824781938007881e+00
1.100000000000000000e+01 2.264847786414896369e+00
1.200000000000000000e+01 2.461663876922073335e+00
1.300000000000000000e+01 2.324417744836167810e+00
1.400000000000000000e+01 2.742581849164033692e+00
1.500000000000000000e+01 2.540615987515116192e+00
1.600000000000000000e+01 2.952261354632473189e+00
1.700000000000000000e+01 2.782640938611075754e+00
1.800000000000000000e+01 2.885549808721759923e+00
1.900000000000000000e+01 2.871493309284670392e+00
2.000000000000000000e+01 3.218138737699516749e+00
2.100000000000000000e+01 3.047350552141219193e+00
2.200000000000000000e+01 3.381079091905299094e+00
2.300000000000000000e+01 3.342292942445723725e+00
2.400000000000000000e+01 3.489689160716846317e+00
2.500000000000000000e+01 3.640601684790448100e+00
2.600000000000000000e+01 3.532295076402087286e+00
2.700000000000000000e+01 3.523308762442377340e+00
2.800000000000000000e+01 3.834463136734471256e+00
2.900000000000000000e+01 3.548828183003414072e+00
3.000000000000000000e+01 3.857868155330125948e+00
3.100000000000000000e+01 3.717729682175170858e+00
3.200000000000000000e+01 3.980608193605300382e+00
3.300000000000000000e+01 3.920371121719298912e+00
3.400000000000000000e+01 4.266477591079515186e+00
3.500000000000000000e+01 4.074620519478631131e+00
3.600000000000000000e+01 4.054112636221844035e+00
3.700000000000000000e+01 4.381891747064215359e+00
3.800000000000000000e+01 4.305713888455631633e+00
3.900000000000000000e+01 4.253222025374221893e+00
4.000000000000000000e+01 4.424021049536797534e+00
4.100000000000000000e+01 4.325985631272228460e+00
4.200000000000000000e+01 4.631757897807586843e+00
4.300000000000000000e+01 4.551862359764902166e+00
4.400000000000000000e+01 4.637052615592997640e+00
4.500000000000000000e+01 4.611327418020993107e+00
4.600000000000000000e+01 4.728340785538832414e+00
4.700000000000000000e+01 4.778708158220241309e+00
4.800000000000000000e+01 4.790469832857697341e+00
4.900000000000000000e+01 4.803433258061514444e+00
5.000000000000000000e+01 5.099034206379212897e+00
5.100000000000000000e+01 4.974261692984348393e+00
5.200000000000000000e+01 5.152827854171523114e+00
5.300000000000000000e+01 5.029288617033219388e+00
5.400000000000000000e+01 5.099703362104945015e+00
5.500000000000000000e+01 5.098602697022852404e+00
5.600000000000000000e+01 5.339385473506743196e+00
5.700000000000000000e+01 5.100641852198546822e+00
5.800000000000000000e+01 5.595443891027635175e+00
5.900000000000000000e+01 5.276118411161188959e+00
6.000000000000000000e+01 5.447746861827197584e+00
6.100000000000000000e+01 5.385022577442596159e+00
6.200000000000000000e+01 5.765221336693519660e+00
6.300000000000000000e+01 5.293390411593457578e+00
6.400000000000000000e+01 5.707975433508833518e+00
6.500000000000000000e+01 5.555844656139635518e+00
6.600000000000000000e+01 5.722383863865401210e+00
6.700000000000000000e+01 5.597859460156856315e+00
6.800000000000000000e+01 5.889344921440424763e+00
6.900000000000000000e+01 5.820780733685719355e+00
7.000000000000000000e+01 5.910357374577873024e+00
7.100000000000000000e+01 5.619200664375394005e+00
7.200000000000000000e+01 6.017313440778707445e+00
7.300000000000000000e+01 6.049690818387325919e+00
7.400000000000000000e+01 6.170432483532029444e+00
7.500000000000000000e+01 5.826994455739100687e+00
7.600000000000000000e+01 6.313838872684101489e+00
7.700000000000000000e+01 6.031059939381695045e+00
7.800000000000000000e+01 6.258786167429222225e+00
7.900000000000000000e+01 6.197383327579780499e+00
8.000000000000000000e+01 6.293723329775289699e+00
8.100000000000000000e+01 6.246649951174033433e+00
8.200000000000000000e+01 6.376927448635532514e+00
8.300000000000000000e+01 6.200306241543596109e+00
8.400000000000000000e+01 6.554284209266262096e+00
8.500000000000000000e+01 6.387253261413529337e+00
8.600000000000000000e+01 6.738889876173205451e+00
8.700000000000000000e+01 6.299993948376056530e+00
8.800000000000000000e+01 6.423294428899817277e+00
8.900000000000000000e+01 6.404103604492671131e+00
9.000000000000000000e+01 6.827518757385263370e+00
9.100000000000000000e+01 6.753835195468925967e+00
9.200000000000000000e+01 6.820992697144554029e+00
9.300000000000000000e+01 6.613614447459012169e+00
9.400000000000000000e+01 6.899075620112109064e+00
9.500000000000000000e+01 6.572814806182243785e+00
9.600000000000000000e+01 7.046340055158554883e+00
9.700000000000000000e+01 6.797941471595173368e+00
9.800000000000000000e+01 6.927823794805277657e+00
9.900000000000000000e+01 7.024271905215589307e+00
