# n b_n
0.000000000000000000e+00 1.309609258036118273e+00
1.000000000000000000e+00 5.208595112913195768e-01
2.000000000000000000e+00 1.474856255548360640e+00
3.000000000000000000e+00 1.934704096758832703e+00
4.000000000000000000e+00 2.775647579019627109e+00
5.000000000000000000e+00 2.993919115402972952e+00
6.000000000000000000e+00 4.091560845844815830e+00
7.000000000000000000e+00 4.389734906759975352e+00
8.000000000000000000e+00 5.273561293004374484e+00
9.000000000000000000e+00 5.646289631669153763e+00
1.000000000000000000e+01 6.354777236109833360e+00
1.100000000000000000e+01 6.891175559222835645e+00
1.200000000000000000e+01 7.827338214376275971e+00
1.300000000000000000e+01 8.262311014854947899e+00
1.400000000000000000e+01 9.061552516296600857e+00
1.500000000000000000e+01 9.414458341533601171e+00
1.600000000000000000e+01 1.018394705927590671e+01
1.700000000000000000e+01 1.073481488899677139e+01
1.800000000000000000e+01 1.157310291213985032e+01
1.900000000000000000e+01 1.197337145968614358e+01
2.000000000000000000e+01 1.252169275350490274e+01
2.100000000000000000e+01 1.313609039871988671e+01
2.200000000000000000e+01 1.405997626779182141e+01
2.300000000000000000e+01 1.437720701695155334e+01
2.400000000000000000e+01 1.533077118194981026e+01
2.500000000000000000e+01 1.568494373643731876e+01
2.600000000000000000e+01 1.654863500065469495e+01
2.700000000000000000e+01 1.681553647424474107e+01
2.800000000000000000e+01 1.768482108254261931e+01
2.900000000000000000e+01 1.822298555869862824e+01
3.000000000000000000e+01 1.922444621113402974e+01
3.100000000000000000e+01 1.893758494989830510e+01
3.200000000000000000e+01 2.038668933866117072e+01
3.300000000000000000e+01 2.062298188988096470e+01
3.400000000000000000e+01 2.164999450623322375e+01
3.500000000000000000e+01 2.186745220927342714e+01
3.600000000000000000e+01 2.291264828846841439e+01
3.700000000000000000e+01 2.311908096144730251e+01
3.800000000000000000e+01 2.397966250483713679e+01
3.900000000000000000e+01 2.448448357538466169e+01
4.000000000000000000e+01 2.535476915527917896e+01
4.100000000000000000e+01 2.574296811898024018e+01
4.200000000000000000e+01 2.650120770789563451e+01
4.300000000000000000e+01 2.658347374122839213e+01
4.400000000000000000e+01 2.766009168046476319e+01
4.500000000000000000e+01 2.795559355794719636e+01
4.600000000000000000e+01 2.898467731144464210e+01
4.700000000000000000e+01 2.906181302884746032e+01
4.800000000000000000e+01 2.972551365936772783e+01
4.900000000000000000e+01 3.032327016144409271e+01
5.000000000000000000e+01 3.107814915447356796e+01
5.100000000000000000e+01 3.159763211267467753e+01
5.200000000000000000e+01 3.203548330346362860e+01
5.300000000000000000e+01 3.204101542327180852e+01
5.400000000000000000e+01 3.309885466703465084e+01
5.500000000000000000e+01 3.338171472948884855e+01
5.600000000000000000e+01 3.335584571772071172e+01
5.700000000000000000e+01 3.347059802348298518e+01
5.800000000000000000e+01 3.412310384321634160e+01
5.900000000000000000e+01 3.404144671789357801e+01
6.000000000000000000e+01 3.422978545023072172e+01
6.100000000000000000e+01 3.413163677877793134e+01
6.200000000000000000e+01 3.409016798575692064e+01
6.300000000000000000e+01 3.407422828129558923e+01
6.400000000000000000e+01 3.438042240823649820e+01
6.500000000000000000e+01 3.412364498455687567e+01
6.600000000000000000e+01 3.403449280177146363e+01
6.700000000000000000e+01 3.371100708242899913e+01
6.800000000000000000e+01 3.394673945831299022e+01
6.900000000000000000e+01 3.392217740259086156e+01
7.000000000000000000e+01 3.384247501324320240e+01
7.100000000000000000e+01 3.400122233566253271e+01
7.200000000000000000e+01 3.397739737210100941e+01
7.300000000000000000e+01 3.370510328556939328e+01
7.400000000000000000e+01 3.403891941967082602e+01
7.500000000000000000e+01 3.389552709101714356e+01
7.600000000000000000e+01 3.421094470847266678e+01
7.700000000000000000e+01 3.360580466457118121e+01
7.800000000000000000e+01 3.423823123266633672e+01
7.900000000000000000e+01 3.369272696243473320e+01
8.000000000000000000e+01 3.415077981026666265e+01
8.100000000000000000e+01 3.346304032021415509e+01
8.200000000000000000e+01 3.432631929953605265e+01
8.300000000000000000e+01 3.345281483661874944e+01
8.400000000000000000e+01 3.401777798327112379e+01
8.500000000000000000e+01 3.402415464677504531e+01
8.600000000000000000e+01 3.359924932840455369e+01
8.700000000000000000e+01 3.384348892615894044e+01
8.800000000000000000e+01 3.359533760421936677e+01
8.900000000000000000e+01 3.390736713416610115e+01
9.000000000000000000e+01 3.400682966148106345e+01
9.100000000000000000e+01 3.383587043125621818e+01
9.200000000000000000e+01 3.351462725134112475e+01
9.300000000000000000e+01 3.368412651700772642e+01
9.400000000000000000e+01 3.373821796255258931e+01
9.500000000000000000e+01 3.373071322007417905e+01
9.600000000000000000e+01 3.369051020244732797e+01
9.700000000000000000e+01 3.380697898219036546e+01
9.800000000000000000e+01 3.381023988124638180e+01
9.900000000000000000e+01 3.364853871175142075e+01
