# n b_n
0.000000000000000000e+00 1.515791575496803434e+00
1.000000000000000000e+00 4.887875060211362976e-01
2.000000000000000000e+00 8.742536818512114394e-01
3.000000000000000000e+00 1.123397986794264281e+00
4.000000000000000000e+00 2.466883107818714560e+00
5.000000000000000000e+00 4.439163603943432790e+00
6.000000000000000000e+00 7.495940327213925336e+00
7.000000000000000000e+00 1.023245760304169316e+01
8.000000000000000000e+00 1.330435074941931717e+01
9.000000000000000000e+00 1.629063100143551068e+01
1.000000000000000000e+01 1.927084890266023365e+01
1.100000000000000000e+01 2.213375857930513391e+01
1.200000000000000000e+01 2.503425503567743959e+01
1.300000000000000000e+01 2.757368880901535135e+01
1.400000000000000000e+01 2.995921016590521191e+01
1.500000000000000000e+01 3.165729976196528739e+01
1.600000000000000000e+01 3.297730864551684959e+01
1.700000000000000000e+01 3.358082129384007430e+01
1.800000000000000000e+01 3.403428270782549703e+01
1.900000000000000000e+01 3.407683459655120117e+01
2.000000000000000000e+01 3.432163974004799201e+01
2.100000000000000000e+01 3.430877656665901299e+01
2.200000000000000000e+01 3.466983627423913106e+01
2.300000000000000000e+01 3.432051881668667193e+01
2.400000000000000000e+01 3.455476869175458177e+01
2.500000000000000000e+01 3.429369579772137655e+01
2.600000000000000000e+01 3.452831008749248554e+01
2.700000000000000000e+01 3.424870405667375906e+01
2.800000000000000000e+01 3.430260708474013143e+01
2.900000000000000000e+01 3.413037109391009949e+01
3.000000000000000000e+01 3.431248822298101686e+01
3.100000000000000000e+01 3.423664211077371533e+01
3.200000000000000000e+01 3.420190400773498851e+01
3.300000000000000000e+01 3.414123438330393867e+01
3.400000000000000000e+01 3.412754632844764302e+01
3.500000000000000000e+01 3.403778109334963631e+01
3.600000000000000000e+01 3.426198392199164289e+01
3.700000000000000000e+01 3.410887876970154053e+01
3.800000000000000000e+01 3.419800968480133463e+01
3.900000000000000000e+01 3.402839912212469642e+01
4.000000000000000000e+01 3.427485726051447301e+01
4.100000000000000000e+01 3.405533749366588836e+01
4.200000000000000000e+01 3.424628841468397411e+01
4.300000000000000000e+01 3.387050313167454618e+01
4.400000000000000000e+01 3.418824638846614050e+01
4.500000000000000000e+01 3.396236577676281598e+01
4.600000000000000000e+01 3.422969570713216569e+01
4.700000000000000000e+01 3.394295804383135362e+01
4.800000000000000000e+01 3.413225731245449168e+01
4.900000000000000000e+01 3.391711747491628159e+01
5.000000000000000000e+01 3.406488934580575290e+01
5.100000000000000000e+01 3.391268982539698840e+01
5.200000000000000000e+01 3.412411406352953236e+01
5.300000000000000000e+01 3.385223166758053992e+01
5.400000000000000000e+01 3.398130810651259992e+01
5.500000000000000000e+01 3.376519384032853566e+01
5.600000000000000000e+01 3.397144269196964217e+01
5.700000000000000000e+01 3.369100363087550676e+01
5.800000000000000000e+01 3.389079755602774924e+01
5.900000000000000000e+01 3.362742516988262054e+01
6.000000000000000000e+01 3.375321224373530526e+01
6.100000000000000000e+01 3.364324140051387246e+01
6.200000000000000000e+01 3.380531137149641552e+01
6.300000000000000000e+01 3.364691749241139718e+01
6.400000000000000000e+01 3.387171197143131707e+01
6.500000000000000000e+01 3.372606143511957555e+01
6.600000000000000000e+01 3.388453231586311176e+01
6.700000000000000000e+01 3.378453498953215473e+01
6.800000000000000000e+01 3.386711717594584314e+01
6.900000000000000000e+01 3.363149460203941032e+01
7.000000000000000000e+01 3.378436331208570920e+01
7.100000000000000000e+01 3.363948647505402789e+01
7.200000000000000000e+01 3.372233926695197681e+01
7.300000000000000000e+01 3.370253901938623642e+01
7.400000000000000000e+01 3.372155539399100377e+01
7.500000000000000000e+01 3.368375036602501638e+01
7.600000000000000000e+01 3.367540880085834942e+01
7.700000000000000000e+01 3.349971584711704509e+01
7.800000000000000000e+01 3.363796428174178033e+01
7.900000000000000000e+01 3.343314648161055658e+01
8.000000000000000000e+01 3.356773935214808091e+01
8.100000000000000000e+01 3.348968998285445053e+01
8.200000000000000000e+01 3.375487709810644077e+01
8.300000000000000000e+01 3.354609482694310429e+01
8.400000000000000000e+01 3.378323198785095371e+01
8.500000000000000000e+01 3.361110511973392789e+01
8.600000000000000000e+01 3.365844226850468601e+01
8.700000000000000000e+01 3.342775753770315816e+01
8.800000000000000000e+01 3.357229734368939233e+01
8.900000000000000000e+01 3.346856561162852017e+01
9.000000000000000000e+01 3.364879231313623364e+01
9.100000000000000000e+01 3.336874105179928307e+01
9.200000000000000000e+01 3.363821747117857797e+01
9.300000000000000000e+01 3.339742536344294876e+01
9.400000000000000000e+01 3.361998170215990456e+01
9.500000000000000000e+01 3.341731075840856846e+01
9.600000000000000000e+01 3.355281415634429720e+01
9.700000000000000000e+01 3.342914885482626630e+01
9.800000000000000000e+01 3.356802300566810970e+01
9.900000000000000000e+01 3.330756444107868219e+01
